446623530
888327853
97827008
351769544
693814603
149320856
624948551
19077435
902042020
621259240
696084710
838920549
386728706
167622788
542210387
706129949
573579588
300810120
260650854
579830782
31952801
902398070
216609938
698084993
24932404
783894421
303019811
217276937
774157450
579490450
531262451
622644524
348441569
446623530
504590758
560238129
394115226
641869723
672117839
465841955
476304638
829058936
899155244
650957620
263617869
588167810
893389887
894240873
112710354
988497162
164911305
628298079
629155448
536042456
939993044
242028911
375668719
889459040
750553836
426561838
462637623
526662625
459320006
560016563
577575147
603889348
688036638
81099455
367141475
775204681
588167810
698571842
650957620
70977549
628244784
224346545
30553970
571602890
841196708
195319567
836718452
625432881
16682348
388486222
621259240
388317025
746630807
206543671
706129949
571602890
180798667
96526739
769726823
323331680
300810120
625432881
455944972
317980439
399271189
296687453
473395197
97827008
470358519
988637842
779010075
72398730
965934964
892579794
84244190
986297301
310813468
868045197
344044165
779010075
959616274
676668299
341251467
940851937
711752214
140726225
615635088
22485654
382914414
997400292
97827008
43522254
414383246
407672553
837029091
648256092
649239126
343597274
833549693
49085096
355688108
442982062
999019254
473395197
439542697
301822903
780107765
569992786
885038308
320019822
558856013
54275587
458150670
222123787
673324614
614308386
576668505
60397304
895460600
904245800
192594337
391164457
831734591
234717419
649239126
708633079
893271582
108570477
54275587
773543255
558856013
49085096
321518736
779010075
988637842
487426127
596639505
959339644
552422347
535051811
94021873
795311985
71615764
897621602
740193027
332903178
465555570
203872738
785747336
562116019
724876094
991127347
786101014
765844622
540819277
823896304
128696727
329194076
150465586
902042020
40678015
609970588
77188995
895460600
121435239
736949163
601401630
775204681
208512258
846186157
989480559
809175691
284278842
45269877
211595782
4113423
307237299
96526739
487426127
430827900
864464035
997400292
341251467
199027286
988637842
146615639
645781222
895460600
694120786
166568868
259244371
128696727
824428061
45269877
196934104
573579588
180878661
211382627
140726225
48791975
422910033
614598298
964715344
273869837
173447074
217703420
112857439
354984965
208512258
212581818
855669731
75553709
531262451
669004339
510545680
557486754
489177120
41460462
969793901
467423575
547422033
869208424
465555570
810552790
511650965
46385844
666101122
382914414
650957620
535358783
204513788
816242155
22485654
195544764
473395197
391164457
648499196
128696727
769726823
779010075
354984965
142924956
263617869
23134605
394587814
436651113
568913547
695044739
967799215
892579794
57028703
817211781
830621070
899462851
888706928
741163338
348441569
366939140
73980068
146354307
795319819
112710354
294993214
176514582
888706928
76935378
903746586
715680378
713558834
149421857
610340713
910385184
364576160
263587200
609336732
569992786
630094222
347830571
997400292
547422033
70977549
862070459
795311985
339131732
693814603
426561838
814874886
414383246
495713609
797620514
454504113
76087534
363870492
610360629
893572865
195666717
180798667
676668299
740193027
166568868
108570477
301973600
765844622
742504570
535358783
997400292
818114420
988637842
855669731
838920549
833607339
775204681
774799510
168489590
797065738
236879351
605069907
555266303
857580372
895460600
588438286
407672553
162715810
974301870
338499770
787536360
731353435
204661859
888327853
961630778
151692587
868202465
918059735
355688108
408297339
898089133
263587200
849371134
562356971
785747336
535212307
923264657
950510999
707257647
392337368
90702318
48791975
605069907
628244784
277112950
358339998
869252786
541870997
98783562
182950407
637433894
207785466
343763225
625432881
465555570
349906332
188786816
676668299
795319819
832050926
808551981
811878254
854109015
791026792
473638871
904245800
541870997
655778011
335767002
560238129
223209866
741480095
473683358
648674498
666101122
137408669
36016131
264841955
885038308
90440603
834110256
623748533
696083054
301973600
698084993
391164457
955267799
610093934
192594337
555679797
296687453
601928414
904245800
87705556
558856013
869252786
650321661
609970588
968480256
862779005
349356542
332331542
112710354
997470758
267333925
9295628
657959802
296687453
211382627
370375720
828145033
23134605
289288580
452516199
347852357
736821208
73123414
500883537
498250336
664584490
696083054
816242155
565122412
536723287
565946149
170421339
555667168
562356971
358339998
869102055
986784375
399271189
195666717
884702382
408297339
375668719
203872738
614598298
787536360
849371134
626630705
139371014
455944972
895460600
894671833
424524795
693814603
130084665
422910033
690753828
462766992
836718452
388754725
199951704
855669731
317980439
741480095
161379215
655778011
841222205
828145033
622502075
136361489
836718452
848654083
666216189
752145770
41460462
247767602
892559581
36567455
60866877
959355866
358339998
849371134
685796190
752145770
37310109
854205565
709161621
860179898
75553709
927045461
195319567
770467064
624948551
504736423
273869837
75553709
173668346
216609938
288311033
570370559
491393985
601401630
475243550
422910033
686718530
798023547
244472744
578652202
497418084
164911305
63888680
424524795
723779677
969105515
196215954
628244784
138830063
591219922
614090118
470358519
24539023
915166717
773543255
557486754
889459040
111452661
696083054
202382885
127209830
649239126
122737493
303963046
624825455
791026792
212581818
968480256
836718452
531548192
60866877
708633079
482200029
15096871
787536360
94021873
430603864
22485654
72398730
414383246
91092507
279236013
357564997
111452661
535231974
56245848
469480998
896291742
956868522
455617550
961630778
610360629
510841303
162715810
217791129
662767011
736949163
850059939
473638871
253288854
247139039
42301778
408029052
364576160
354984965
281097906
14433034
36567455
328405076
284278842
111994097
631791442
769726823
994302960
236879351
77400729
29304295
897815713
358339998
168489590
576668505
859366385
263587200
915867966
313473261
619018374
946405557
750553836
107821915
486365024
766962949
154734099
570768695
609970588
369958246
241715879
742504570
862070459
198159271
850059939
466016953
649239126
150465586
208966785
359010400
588167810
765844622
284051716
619774414
989480559
307237299
326704723
88649618
732932950
791026792
207648122
15096871
217703420
605069907
836718452
697346262
775204681
128696727
476304638
706129949
353930391
829058936
536419276
777263864
735845893
54275587
896291742
649299730
383921128
690753828
471905193
36016131
448457216
689374355
696083054
512348120
741480095
560758329
345136582
281097906
659965560
824428061
308146679
56091747
289288580
263617869
412766911
741480095
524201788
412766911
661116023
223209866
263617869
54275587
638337191
811878254
661116023
535679842
312952269
281444910
25552138
899155244
75553709
112857439
213036889
284168428
629155448
956868522
836479518
207785466
272434924
903746586
785747336
988637842
666216189
237332725
904227259
288344502
777263864
923746358
866130419
736949163
23134605
175252983
53908846
531262451
111452661
859366385
960479512
332331542
955267799
36567455
751621341
234717419
513490232
442982062
622502075
162240889
610093934
723779677
363870492
76935378
947056047
223209866
720433864
732932950
813571726
80297013
202382885
672117839
528014810
624948551
853560421
289288580
587238388
868202465
35318197
685796190
343763225
281097906
312952269
669004339
780107765
485180311
293992233
707257647
98783562
209708965
832050926
655778011
84244190
714660915
708633079
450388417
227985187
495145282
696084710
741163338
45269877
897621602
961470196
307953851
357165140
929182275
894671833
893992599
858496982
30553970
206543671
234717419
195319567
210414564
24539023
741028161
639326594
398131299
777263864
811878254
279236013
88649618
714660915
80297013
266259772
976088928
699260494
495145282
84863689
43522254
736821208
897300206
382229974
247767602
357165140
175252983
210414564
535051811
637433894
237332725
215831491
140241966
805469096
203580243
915867966
332331542
740193027
759105570
685920025
560758329
426561838
76087534
664270741
50434468
536723287
918059735
770467064
920678039
57028703
96526739
49085096
501366783
146615639
807772645
552422347
818114420
162889824
146615639
247767602
577575147
115470586
339371302
50434468
166568868
998542460
315068633
671827945
59175404
864932229
752145770
562356971
892559581
310813468
272434924
412902854
952888315
335767002
188559338
836899830
828523716
97827008
662333886
96526739
208966785
817211781
889459040
203872738
885038308
203872738
625432881
715680378
483926634
622644524
921134112
329194076
526662625
71615764
216196936
968480256
659645590
301973600
150465586
918059735
929369535
420070917
774157450
36421936
854205565
468042698
84863689
222123787
535358783
661084505
627292242
556758205
830621070
731008466
24539023
627292242
114112281
387001486
170730399
833549693
337642652
679400346
87705556
202382885
649716388
562356971
714426530
420599505
751621341
267333925
841196708
15096871
202125950
927045461
264172283
560238129
470358519
273860952
969105515
776400040
904044610
483926634
904245800
569992786
999019254
822531589
650321661
823896304
638320060
904227259
622756958
210414564
442327325
894671833
964715344
708557942
783894421
624825455
284168428
526415320
664584490
267333925
489177120
630094222
524201788
918059735
467423575
48791975
469480998
808551981
923090776
173447074
927045461
661377482
669004339
118955467
408297339
334264434
499333128
816242155
150465586
791026792
845418397
483926634
858496982
775204681
536755086
555679797
909240707
259244371
55916415
454332398
750553836
471103941
601928414
857580372
974389961
898089133
284051716
267819619
731008466
158262177
818114420
714660915
