17880633
671928229
406471692
943176924
452759401
409799264
319478447
182208938
439542697
37847872
998897410
842667515
222723853
89640138
494758730
530014404
53822903
600351424
970854832
704661064
609631541
579554802
838143596
741028161
713711190
332805972
650205712
722178284
213261405
857289150
154303402
619513377
718559709
554530829
557347143
141714109
325690984
451392264
177175761
710127246
585759148
901668600
228440879
267218041
842461878
909232064
156310474
64231696
235561128
118738856
738478905
591457452
113543043
987102962
747726619
870835993
287677439
621521813
426247487
494069697
591958261
680918753
295277056
658705621
511530993
67513231
386987655
409829895
549711497
802100375
409658318
613099642
977866143
72195237
729575099
246502265
63547025
165752658
323449166
745107178
848654083
751320512
110880586
17899003
465793628
576338882
839935731
984416824
799618660
236772798
746330458
527020654
669134537
319371373
520590433
669134537
136133420
317988462
490442439
33694167
978966850
404675634
191599983
418526033
837774231
411931232
626618072
520537060
581671481
991594748
827268178
29951177
871174831
226170735
529559489
258400219
182046744
144826320
340267323
814874886
162583301
435877597
870198694
728182740
465793628
906375715
371799434
115581768
162093283
59836559
663740412
496054931
623824360
569992786
877212187
557443102
687234479
233877166
464190908
795231463
984469726
591373558
79426480
832880691
595644941
558616276
731405489
406177111
145365899
172940976
316992220
964629647
259451116
536690645
412196962
617060973
113174826
37664746
46663626
89556350
524841812
576311294
791691636
343046140
445105348
667504272
924957358
185456368
6458373
428375462
660876400
790389544
949518314
267390900
317706323
170355484
342281075
511612225
126661660
487906927
50264513
222773032
138721787
697453924
609039467
626175487
526973977
427817651
572924752
703355659
51260164
365569244
158816894
563071909
321219342
911510901
675156055
228162836
105525766
908001767
217791129
344611235
852452885
879673892
778303341
921390525
908635360
337822998
744610359
954734704
501781218
378626276
629090362
936611474
381962358
693916428
258381035
300375740
972091758
330110499
417877898
856689007
563578687
259764055
588671413
607860482
173434806
601348302
612991792
468550747
324335303
970679461
667969242
829058936
75415262
281223148
712356334
45041743
267211600
631950263
472393787
814547881
668826049
376866383
722784748
613905938
644851201
464050207
559402419
754044160
548974852
685853565
339648239
263365420
207135680
988716943
76087534
676642995
22485654
191599983
452914252
558422847
415988932
799565014
705008752
260650854
681550850
226269870
796482124
601452425
319012903
100082574
641826935
614695247
516164003
609191187
930756110
746630807
518416512
581151063
787177950
57420256
162370275
204987372
170095337
995258848
283983545
37557429
528985589
977052418
971915438
787842868
87595082
261377384
998221928
650603817
121589815
379445963
186297733
676061194
117593002
297460315
403556773
783672639
341174039
826957190
609354570
835058700
817042684
151128143
808149341
173763817
280985918
135319883
80297013
191485356
863854355
792998408
856828343
421043174
896227270
46638357
100729465
70147002
853774923
997989860
75655971
577002565
69549244
746185731
650205712
219851759
886164644
428651067
931540130
856338059
144793201
314827712
432229132
221236870
675156055
54133765
232198945
101844920
292164862
335061048
746330458
574350608
48710267
356459611
253288854
658705621
937930751
379097257
756209791
262947619
943052510
267333925
536755086
915268117
155018060
729014621
343708133
911270185
439542697
293892753
877609554
35886561
618765628
717750932
38616334
208475864
46011298
886543052
918252630
915594781
473337515
945054220
853914029
732112264
74755183
534656119
92459832
300913044
686549716
811322526
102904840
221236870
639707364
511695260
92433020
763228332
84275438
670245474
135058901
178664990
557266962
328763935
373003722
3079089
498236028
294043353
698501330
286261691
795882229
812946407
711341328
444993834
92693556
664423506
959452945
637812404
659677618
806707462
301395539
687558145
917983963
861510923
811893362
841920162
989001397
340962250
746185731
277494161
28957304
35318197
227054602
207323312
159583785
414196641
519186783
809861299
657299079
552961491
263336763
254221547
146126427
798023547
266259772
386962778
112328815
132027459
707007599
438138205
42736538
895652300
249195652
661898298
271964195
458539867
202949206
963879583
320659697
17880633
760412525
528619128
157416921
73197486
854556105
564914238
62309917
643274566
632041357
620356233
105119170
792838550
504283859
661119111
406150713
535051811
680600073
733650882
6607399
637676868
92433020
798268414
327743066
665702045
238772692
436425236
895559408
13570800
834356827
254167809
673558049
156776125
356064471
323097998
532190077
60817806
753351235
280136542
112367669
936806517
107721316
586302708
787842868
221305910
330615154
696042070
68530150
802321433
460206043
15280661
169360570
965022209
486250486
807094920
631491912
41677725
413540824
324838285
795214587
748393953
915268117
383921128
708770624
250441067
659923766
538421500
272570836
53541392
671016650
518193418
663221958
139289510
336359380
929049536
394099936
462766992
53729921
353604441
84628075
412089141
909820925
295039787
182905640
908001767
624470189
992690358
171855039
487239997
62122409
118222264
123295965
643617057
979762297
763833490
229420733
995362250
219569685
466919421
263076561
532190077
399329783
588582912
270745965
471992450
353265313
245707220
809991281
917004625
206955203
436901780
188420757
627184098
640817148
72790332
161301946
151025602
22877552
135949249
947239236
469545087
920777397
283993795
612191944
868737594
299752920
263617869
884610338
212581818
294998904
557486754
132178780
290967676
333585497
810703026
204389714
773442837
832039325
382728640
11463082
616034411
949978997
304656584
919956682
803417589
921390525
679838743
474428835
72195237
888227710
309414132
137408669
726701875
406487269
613396148
901448358
626413744
300154572
38075665
926908430
414558110
256642169
979891135
258381035
359104987
378995885
751414012
26916945
133854633
101559031
87196038
219321658
899198742
124613352
161108508
367625954
233295339
679266039
66911104
764409362
361824591
395047176
920334983
1877554
350351567
55916415
724696625
214229075
945378631
12311724
854147422
33443289
870457748
581652600
328218697
923746358
91823752
427843340
127698013
907668566
470062386
43940494
577186863
415008893
702408957
533491433
518332677
92209039
673552338
677647306
979858886
987891406
113879455
717750932
637853402
112749304
694258799
493933436
389417896
164966407
483509739
834313441
899442119
680597422
463971640
245783114
119054835
482275545
779227190
627734369
768474963
1661271
312943210
439977596
965128821
783672639
483961120
638584448
76337383
950893712
183488483
62336775
227984462
149488963
521077337
65730895
774773533
642460917
731082640
225223542
514841130
392526091
502111972
530944384
237067763
854837732
596397891
162648626
398742540
618227080
26288423
123786775
25462772
972405768
59991188
892755360
664553462
519523610
468561051
149350298
234001313
290058154
790371581
185543530
970718895
990234751
628945842
442901928
609526121
423336428
487662962
933126620
782004670
170856629
158852725
776429235
356459611
746619196
577182410
502446689
870368553
231388568
330774030
471756161
368003344
786248671
646844386
391086067
130361561
76486972
74328518
366485401
710591640
271015398
425814567
993860464
195472708
638366662
585533510
65730895
64779467
409906455
856686321
262071630
845321778
163540754
904519208
144793201
157949288
109893148
594947197
60707720
498754040
749961529
762935812
279096153
791717547
866911766
561318232
89734357
524339956
859322990
102435699
123295965
283377
931748666
306202400
97513117
859724162
524625904
146354307
607649795
694227694
536723287
433678072
25865924
519818827
36421936
779526901
464050207
283632772
202320281
485973165
154362705
381878813
763147194
167678066
474808934
215255778
100660035
197793245
609191187
522782905
136237084
481376455
290058154
342357597
930826942
515311608
864253460
157192851
376554443
206141663
814559706
163966660
594226668
954426864
744550307
100796217
904637326
800585492
783771558
554178128
815822915
858359647
173474531
3289980
877212187
988716879
862615094
945237951
999058659
479223176
469125
541501971
510226595
742197097
152585524
524958997
890506914
723207233
199612871
110854404
715677207
510226595
920433088
490989864
690808069
71652575
831399969
773783231
516287784
991287375
390721390
48710267
401113535
152537883
514024063
645140658
306702269
917001084
428143663
666758280
497067263
796346182
292472775
352894261
687577535
444208820
265030150
382914414
378463572
415606464
41790851
571761226
849602090
177593199
908299745
507777777
62604983
952402842
727002780
468741991
439604534
699000778
148989218
161379215
24418159
927575269
346468698
767832117
234852143
464472695
71034182
789051395
126661660
970796473
436087806
197517123
842667515
371884581
199612871
330110499
297539148
202749743
196573220
901422447
198555680
412681198
253102421
645403419
281925373
84614904
297765712
331888796
422672562
723207233
949978997
625849576
111602645
417414889
29245723
802100375
455832955
745929329
787491286
457331106
831399969
599447552
738055298
45825588
67743340
682686729
878120173
312539909
839935731
815067026
193951334
569945414
348063926
950756644
449787326
143794794
816665568
188786816
146341641
355911280
38459830
644517085
738055298
389704905
437221039
700974418
100075932
267462328
160429248
412962982
533860030
536105084
962809616
614695247
238995629
916966644
690642627
252139482
715941097
945915605
687558145
755809770
204391343
461031931
554530829
712572930
399668670
962920455
990700492
943644580
292472775
817440932
138721787
576806770
162452489
603346285
97230722
324291075
955428711
186006899
37847872
739247233
942704506
493836408
138029926
369319964
93549979
378429803
928547910
29929666
84275438
99134253
505727893
321953004
632941185
209472416
852346777
542749684
350529785
394276608
683928434
486522551
96737957
692326718
790740478
211753752
406177111
486393688
981458561
382229974
416647282
594300639
258975582
973370402
83030930
706748581
664979108
916176908
361823559
340962250
959616274
160861999
363832334
92675724
340741396
579636258
574976330
602696026
363028613
40339321
577228120
987261693
806707462
627047687
110880586
885180404
294344563
649555546
203462115
577338268
661898298
182527353
814880351
649893802
891709861
155993023
911529216
376554443
772464814
73674397
639707364
878008390
494069697
138349122
676061194
622164590
746948555
47592929
892755360
426435517
416123791
397935160
667504272
951621242
622651429
698384743
230701626
942505788
774978748
742504570
765061935
892755360
689779357
693505677
94514166
612960033
237332725
501366783
647588022
726701875
582923800
962154164
940351353
127083559
280746345
557266962
231018868
195472708
143759612
611792349
250497709
538399707
141690077
149033481
734382775
147502407
773115614
70786935
966922087
650096376
974082909
781390897
37241247
70786935
558205329
994223198
477600636
308859116
222933330
224283170
993552904
843933430
41715341
709863486
473267014
137408669
962134338
582759446
290983770
637433894
139307233
588438286
248594152
859758327
576673575
144476479
188309178
984865216
622150117
571196428
302871252
372380127
788856749
495145282
564885763
749800413
682518995
776651894
57437732
45274126
18893858
505305534
747974727
497103649
630535923
490512600
921089047
487329947
43468311
641025332
215666145
659200970
124740563
411773416
107242308
810481963
779696346
806248332
495558343
783545720
626928352
28657490
716656385
764355625
510130436
455682812
661846765
556177969
391112493
966389553
522097666
687612917
825869736
996589665
65128677
462959913
66421032
127083559
242874274
387781125
30446920
349165331
463410927
925275801
96896092
529515247
888883456
126438269
236649958
209559878
384265640
331547390
631038042
121032716
843137208
136713466
529671059
658743235
356124884
778821585
358659849
253356323
246818188
66320217
333585497
351629900
780135463
430476002
247437065
655456572
502156610
54133765
794999155
844473459
447185067
655978164
222933330
274856903
185340073
