560016563
398131299
12248241
698501330
544936339
773543255
384030376
272434924
401727344
793263529
905897912
673925374
868202465
256413413
688423582
56318999
837885347
550872534
928237110
634404607
903879002
369975018
90627286
11613302
750893690
316576613
40339321
897933389
907241680
928529935
872224970
399251056
618852677
708770624
784522748
657086140
759052864
118461234
330978198
445782748
615930116
532035640
892579794
101633151
913601879
490989864
346825702
781282218
938676624
726474140
427159317
965936982
80880600
131971470
610421578
191316563
523238160
370685710
75815435
131616966
824340928
303468446
76203866
489206274
875451929
909908573
942311257
178401464
471103941
932060244
720260400
10526439
438195473
692405965
898709083
414383246
457718236
28443765
960361862
436923868
566009139
940367829
884953502
144909379
533491433
692355418
753073894
464050207
978957717
996589665
904572357
429897253
12358247
37035615
971915438
854629782
966805765
268249897
244951718
564914238
779526901
995362250
935417990
635427566
278706242
799278650
41740506
806737057
37964500
215255778
625066222
421109871
182751243
204854360
208633919
286432845
433975571
842461878
82682855
184964020
692940305
131173875
797310657
790985027
185939781
817042684
54172894
307018791
660976316
27692732
149488963
457718236
513139655
741984096
184628680
333183403
756955718
809991281
268675827
120523253
410465781
844596747
149421857
62309917
830804714
543626470
555547667
911510901
820605190
149497960
39907134
547280824
559846418
56604000
351346580
359103226
224001215
666916751
531548192
73980068
413315175
604740166
623748533
246237903
229922207
445064895
675350497
212165287
837828328
811661991
936624192
600645783
573559931
384091550
57437732
594424029
697380969
39555648
765841806
467109568
129827202
191316563
578961461
361440510
904493208
66330015
82616526
300573199
118222264
521610976
201874678
289109719
917149909
279328171
911510901
37664746
291362552
901669824
355985039
518833530
525419291
603025070
548887628
110880360
89763997
256973705
102714160
455449268
875963058
371065571
152027382
56292747
679397011
76482527
861024922
652122790
144874244
49082902
252670326
263410869
307740184
449741770
779010075
40484857
107111351
895559408
136258662
201497076
960025779
334517621
916437397
866533434
651294580
783798835
314827712
117338566
632817804
512680486
