109645442
59304772
73901854
15877
68216135
33870817
62155642
61964984
53435324
121987586
22065834
31851233
120354132
10612293
36588
526569
15757627
139187274
24911947
25316784
210200
4689218
7390599
106891641
96672169
564139
40368599
89789889
108950472
95656348
13309420
845408
48042
132714825
1626174
27095878
67047078
94709297
87160712
37416383
2397868
8191663
68474671
510842
44756421
62502969
25695078
111799961
116604262
40861774
10560483
3700873
113945726
30861367
390154
86558942
118534749
21248495
76847274
20078452
