125
246 1199
450 1210
916 1473
223 1090
316 561
389 1218
430 707
22 235
83 1382
359 1203
621 728
330 814
442 1226
600 1482
4 1013
229 1506
763 1511
526 1339
181 453
136 142
330 1279
769 1274
506 783
527 1242
71 178
305 1341
306 1438
661 1356
395 517
40 1433
541 918
114 299
305 523
489 643
448 849
209 1414
108 780
129 1287
904 1190
603 888
25 1285
651 916
153 275
176 1232
429 458
354 762
481 789
53 821
817 1403
661 1128
253 676
690 1262
155 1111
308 447
304 1153
44 505
270 957
888 1405
213 1102
134 670
316 1262
739 743
90 352
892 1171
845 1513
672 1391
311 462
173 1237
40 677
355 898
257 900
629 1017
886 1510
92 1502
774 1189
749 800
123 995
582 786
749 1273
442 1317
38 765
115 551
417 606
564 709
506 1405
347 1079
231 234
796 1364
830 1069
204 400
226 717
813 1304
7 774
573 709
266 382
201 599
736 1510
297 1376
705 1044
836 1513
358 1157
137 648
15 1160
368 441
42 1223
729 897
78 1349
610 1229
309 396
487 1124
373 656
904 1107
346 1160
305 439
124 862
494 991
33 1427
19 701
303 1472
231 1492
386 1221
45 227
742 789
701 926
62 534