303804858
294209714
411214511
231786199
26935264
311256543
52778286
3077874
462726713
303431772
25932850
93653874
311398422
519490028
191263045
597537723
521684589
401935441
17922460
139746
361833652
272619119
64329855
315984304
1243504
425852065
503610744
378672115
15187680
506855472
112059342
5508939
23783928
29154755
95641801
478273918
90961418
376516567
164698336
91744066
375798762
87746665
3855210
337771932
4265692
76748412
70242347
103783615
372405128
206817372
57510765
293947981
253159527
12285889
273856996
26986048
157726570
338606382
244141939
58897646
351333064
3312175
9005437
154627616
494026736
405463432
14553086
343691708
62558594
126724786
132592212
142091761
468803592
599784536
210230464
15842941
179450874
52787735
279157337
394294474
86471371
32284845
28992157
35159708
446912361
220906055
167109
347867097
118531072
11433022
68115855
303770687
90828792
32904081
7482525
40437965
524615555
449716046
141256081
497579188
271296170
54165996
281067539
7142622
328048732
61217216
434349854
289716123
6584585
239797941
45553902
113751746
272671081
11744944
121048864
154294572
494463477
68394855
546834183
581136932
311428974
2715591
15431853
79784534
30083033
