519738
382782
706648
561746
566214
193832
1010669
512690
849246
1048243
660565
48004
385054
745946
71204
549251
185542
195589
562826
465090
589158
789747
579852
936141
135116
1117448
1117112
752950
289072
107342
614839
727546
723898
168256
236676
129106
1080786
711859
1073987
763052
368153
114313
280133
295598
819879
1120703
1089570
653200
793033
1037899
1100659
124448
1116579
71943
1060427
351158
868559
14572
272878
1083172
684445
939072
516094
109709
649842
437392
908106
369912
654345
930313
436652
998790
1020476
573089
1065716
45294
110512
950804
1075468
386586
659574
717468
994141
224100
872898
731547
790092
341916
856688
5743
348471
120970
445830
14928
1091458
126643
152907
847615
294728
269056
760817
740700
552597
992302
980926
820471
726553
348504
383635
173199
393142
805018
709048
899054
228542
1001942
804451
132819
847261
166457
389966
10111
783161
363715
216230
503099
375252
636878
401936
394350
469522
925
314370
87124
471536
87144
748360
610776
622109
540710
431742
452217
113599
152369
957990
757783
181029
627940
98621
19654
1007710
484176
282298
44025
177352
529244
321968
705655
542906
460482
7838
424948
156172
342677
992356
80023
739065
850483
615219
998449
820542
1000718
251876
484566
872709
174221
704311
966159
542128
956738
256248
1054333
768268
51248
855236
376572
876453
817688
515833
1108655
923380
107102
472166
488004
678413
620836
1023272
276774
19484
496050
301266
678246
153306
180683
246228
864864
36314
452300
306792
323600
1026620
649144
376213
791207
26476
241132
232765
31408
655774
644522
681976
260167
1034355
334480
247374
840498
737426
402484
463708
255602
398634
523053
181225
337386
1073646
1096867
698043
828110
213473
171210
1018050
379587
924170
410205
49926
1052270
273205
656154
520418
467240
453412
57992
30848
49324
731586
157938
144599
1030634
901212
108412
719512
573742
351802
390766
694965
1016805
1029101
1079941
377121
620015
822002
1063044
384377
1046965
1044374
740353
77582
752985
540875
17232
5179
728166
337647
573688
238754
335412
1019922
942845
718072
36690
753250
129474
647457
22386
634632
100074
1030374
680826
506763
857184
610088
1065618
548052
841637
604863
491969
405319
270582
390565
607968
40369
556637
410621
277464
199092
711090
976816
543529
956451
581719
243061
687003
661356
248472
643955
311480
784834
1063909
200824
662378
104241
191564
302830
506433
574672
1013082
140264
632343
329717
943672
288376
23257
1075455
929776
16026
1023308
137876
612606
788156
425614
183207
244083
375771
1097570
457894
393730
1111728
236168
340262
49684
469276
91132
70500
921758
5653
535232
125248
579776
606525
272818
485626
464871
1106726
781280
550031
1121812
209074
294494
371108
432393
464180
298138
79328
758311
645364
947423
225368
606384
652184
6219
603096
632868
670025
690943
365163
645062
657433
472078
912135
528979
532464
140402
72361
403778
557482
978450
368085
1027483
152869
460178
350874
491399
866565
964773
778648
984124
284271
1113129
1049111
636264
217350
478624
397886
120828
715896
23602
264680
887158
50966
745916
1074373
176034
190701
756264
741612
328817
704846
702
912757
273945
892678
105684
1073720
1014778
304285
516052
703599
579668
485610
1108633
1034759
363362
359835
292144
966412
775271
579942
795891
750943
187854
440274
304662
579704
429203
975191
1065440
841466
1052163
823280
346032
58104
429806
794758
231574
356469
77691
944076
696151
434004
304566
104290
26896
1000864
517646
837289
586094
590542
963286
1030200
604806
200037
602564
732792
787750
435692
464930
854748
1023008
124566
176126
105220
835243
49388
85308
408386
1009426
51148
257061
601980
597580
765564
892525
514234
951773
887084
1081490
959030
596812
242642
525726
969386
842373
676625
138400
503470
66300
668538
296781
14800
819873
114460
67300
235692
809852
96507
201870
140444
555167
27516
24040
860005
370976
490737
1084816
240161
1064274
10169
1083186
685744
1042562
301822
530142
28560
114676
974349
227359
517652
844750
1087010
448616
385556
600009
460240
563180
813689
812668
692775
494910
971907
1093716
382628
891438
763354
880338
514231
850522
157508
66826
190997
436442
514234
502009
896833
554353
808576
503497
839090
204040
388071
728455
314754
889373
519882
996581
583669
574902
1063019
206842
688190
859571
716050
736524
704768
1015062
699405
49498
344966
327080
666843
1092921
218563
864688
1072708
815010
81850
960158
848427
391302
692642
926282
552222
975606
142042
46537
108079
873759
449706
219213
534462
116934
363766
795679
327769
1060217
737890
929581
416144
610240
1081165
865420
43281
233240
734221
927401
831552
365270
590555
1082480
826563
404688
454274
430427
247408
349665
482070
625170
1027185
467556
876962
137886
982938
659033
658444
352600
419747
698332
412960
883698
203751
212904
646158
445284
119750
722326
864208
483988
98273
743479
92330
471232
733384
832374
205582
420417
578636
109138
329509
767620
3364
412412
643152
354870
268336
790881
137523
399552
48089
131802
229916
449987
617266
319063
56207
56372
1062018
478602
890074
688218
313038
948749
778733
491408
505525
952003
915300
407927
1103554
22790
765730
702482
924369
1019251
924566
352284
977236
892254
61940
467988
995481
1047662
155694
125097
271822
637301
288686
398831
310844
232047
9006
865423
199052
757901
278773
136778
461407
237810
1061554
903147
254232
309240
811358
519234
723277
113970
171224
423442
783683
648470
304422
555749
280848
223430
6559
256160
152502
698385
498721
1018388
1083114
41562
944618
558761
182106
577681
562738
689657
866731
1001257
65100
1003822
972852
414488
859855
1075721
1010760
384127
911341
759704
412632
876354
682151
564286
883902
423360
384594
901887
592525
971266
1009440
269114
193281
784728
298350
665898
989655
607536
387672
102721
292968
31594
497572
801940
863236
655834
264052
902749
238898
591379
882055
116776
908816
1054891
430340
509662
951660
331182
397550
526758
716190
818732
904753
267758
169198
465476
333090
152472
649662
651845
360902
360722
929614
828942
82244
129938
313934
561604
673318
992324
783828
444494
898871
551219
11409
381644
304912
471782
673932
842002
793904
577809
685270
495806
168682
378012
485201
828118
1098381
479144
228819
202192
908404
535109
22816
1069142
358126
107692
778475
853150
436920
255021
617829
114177
359297
72892
773722
252574
1029698
891723
449052
177770
392973
673574
120482
674642
1099636
866544
392416
669484
162470
960257
708794
1036262
478940
878458
874564
205840
271241
761493
1050104
945150
860152
375512
462860
283908
650651
55088
880992
30988
473056
331614
654519
1073832
617041
59043
613754
912006
181469
607528
609812
349647
211112
190980
91577
1019268
549468
827244
154881
580126
73436
7012
629978
1010393
624089
141185
420095
212333
930198
496208
1079922
891890
385044
919654
472804
339000
360292
156076
843063
829245
1087143
925474
473738
667908
973748
25758
151768
891671
47625
1083119
1041736
170706
651087
482158
974550
253204
499261
917403
695908
511032
243676
400420
337616
872422
385906
100851
121849
163966
413295
769104
319507
423440
896748
732915
359751
109864
958230
985421
751498
146254
908216
530589
