1202 3106
20 30 66 7 10 100 95 54 10 65 78 5 57 78 30 33 94 77 28 93 43 72 85 46 79 44 23 55 8 44 34 37 32 35 32 43 65 98 47 32 22 12 35 74 99 16 34 86 63 15 45 62 74 86 77 18 27 3 83 16 89 86 98 45 23 4 91 14 100 74 26 49 95 62 75 67 24 10 9 77 13 53 5 91 32 76 34 66 50 41 87 52 64 22 10 75 99 42 65 78 88 24 20 4 88 60 2 25 92 100 23 12 92 8 74 100 9 73 18 84 82 98 73 75 70 53 6 97 55 78 18 50 26 7 62 92 99 84 62 28 70 73 96 21 90 2 47 12 17 23 15 55 17 76 51 40 28 23 99 56 69 36 73 22 100 50 70 51 91 30 69 63 28 5 25 63 56 25 38 15 82 6 97 30 3 15 44 36 29 38 39 85 69 9 5 95 58 78 2 37 52 25 37 100 96 10 45 69 67 11 62 37 35 78 50 8 52 96 90 21 7 74 8 54 16 71 86 2 64 90 46 21 7 54 3 89 53 56 78 87 87 51 94 100 86 22 11 58 39 17 38 79 27 30 82 35 68 76 76 29 45 5 99 10 99 59 51 27 71 66 69 58 100 95 11 83 90 41 27 23 63 17 3 10 28 26 92 63 94 60 48 79 70 86 51 11 58 95 30 34 46 20 59 47 50 8 38 42 55 54 84 6 62 73 6 23 65 28 65 21 37 41 21 61 53 67 49 47 56 95 95 94 95 42 26 59 60 87 43 36 11 71 55 9 15 4 9 88 15 71 92 48 3 33 20 60 58 86 22 24 79 48 18 46 56 64 86 76 27 38 93 100 96 47 86 93 38 76 22 44 49 55 41 14 48 100 29 69 23 84 8 5 76 70 9 23 34 4 14 32 89 99 19 62 81 2 34 91 37 17 52 22 61 96 37 99 76 13 8 52 73 53 45 61 52 32 97 19 51 88 33 100 2 48 43 58 5 71 42 86 15 4 15 95 80 3 76 43 15 97 9 92 39 17 48 16 41 71 14 56 66 8 35 70 74 57 44 85 3 51 93 30 50 27 69 47 54 46 9 58 41 48 22 29 51 8 10 74 47 13 28 44 75 94 63 21 58 74 75 4 45 70 54 50 46 95 55 20 90 46 41 41 95 63 32 17 76 68 29 85 11 46 70 86 92 60 32 6 10 53 66 3 57 54 24 18 98 43 42 89 20 57 99 69 47 76 14 9 78 57 87 26 72 15 70 87 2 85 36 94 82 25 86 61 91 76 78 32 3 97 78 40 66 36 17 55 65 63 78 11 67 63 78 33 61 94 82 80 27 85 76 89 91 48 23 24 35 57 84 8 14 53 64 56 28 73 61 40 70 30 20 35 8 16 19 98 78 19 11 46 43 68 5 55 58 86 42 54 85 68 29 40 84 62 22 9 34 84 58 42 14 46 14 54 27 77 51 83 76 88 4 12 4 93 6 39 6 19 22 77 87 32 16 66 4 5 91 32 18 46 17 86 76 22 47 18 80 24 6 15 55 96 37 65 34 62 75 40 99 97 25 32 96 58 98 66 80 8 51 19 87 38 42 86 54 19 86 42 91 45 2 94 61 56 8 98 29 85 75 64 21 22 47 97 45 3 65 30 25 33 92 42 99 87 34 15 88 99 73 30 64 31 87 100 8 43 49 42 63 17 60 76 55 24 53 68 62 100 60 54 25 85 32 32 30 54 19 39 6 9 30 11 88 10 25 86 91 2 74 23 72 45 45 71 2 53 80 75 12 42 23 66 98 40 23 37 56 96 43 41 62 83 30 26 72 64 98 94 48 19 36 23 48 92 18 38 52 9 26 40 40 3 56 97 8 62 20 96 89 39 55 89 63 66 26 9 10 66 62 51 60 92 98 39 24 72 98 74 58 32 34 36 38 69 30 58 40 2 100 99 85 91 79 34 14 23 29 14 2 32 81 26 53 44 84 16 31 34 12 87 100 87 80 14 65 20 92 44 27 36 70 87 31 3 87 28 61 4 92 93 36 40 38 92 19 66 95 14 95 94 87 65 32 64 13 89 13 37 73 31 14 47 44 78 81 31 60 30 13 4 37 31 70 42 83 74 9 10 4 62 96 2 64 83 74 16 61 51 63 59 23 44 51 10 56 100 46 53 59 19 82 81 4 23 39 99 78 83 93 61 84 90 71 56 99 29 20 18 6 69 57 92 75 12 11 33 96 33 60 99 32 76 45 97 20 77 93 27 33 14 17 39 40 14 88 30 65 62 15 13 2 6 94 79 44 44 4 24 79 28 86 63 79 89 54 46 48 67 72 29 59 61 91 51 36 90 70 34 55 63 66 15 72 11 40 53 78 87 50 5 14 39 22 10 20 79 71 80 80 52 59 60 63 44 72 66 85 35 33 68 21 53 84 86 81 14 94 98 67 4 73 54 50 54 41 39 35 56 89 36 32 58 9 78 22 50 35 75 25 24 22 72 79 69 74 61 86 99 72 53 99 85 80 20 14 30 97 96 23 59 87 46 35 82 4 88 82 79 75 90 81 18 26 11 27 82 32 28 76 66 13 7 76 81 16 75 2 54 84 32 56 89 46 24 80 54 80 8 4 91 98 16 93 49 47 20 84 81 27 22 95 43 7 69 17 11 48 30 87 50 39 71 14 6 24 13 31 42 3 15 8 53 64 10 21 80 67 49 20 50 99 17
34 9
39 1
4 49
52 4
16 55
9 58
59 43
59 47
11 65
17 67
32 70
34 70
74 48
75 66
11 79
80 54
84 65
20 88
88 39
17 91
20 94
6 95
95 41
3 97
21 100
100 42
27 103
104 50
104 99
44 105
105 69
110 91
54 111
111 86
67 112
87 114
117 13
117 106
79 118
67 119
120 84
8 121
128 53
12 129
41 129
130 114
132 9
105 132
132 119
4 133
51 134
138 68
139 76
22 142
31 143
144 104
36 147
147 113
147 130
146 147
148 108
152 2
78 155
155 84
8 156
35 157
157 66
160 129
49 162
71 166
168 159
146 171
172 69
172 127
75 177
180 46
141 180
64 181
181 99
101 181
8 182
186 73
186 84
142 186
121 189
191 1
113 193
119 194
197 8
16 198
198 181
200 63
25 202
202 86
150 202
57 204
205 15
208 63
112 214
20 215
215 27
43 215
215 115
215 124
146 216
218 41
218 111
192 218
219 12
20 220
173 220
222 42
223 180
167 225
4 226
227 95
127 229
230 133
230 152
27 231
37 231
231 181
49 232
232 109
52 233
85 233
233 167
233 170
192 233
172 234
234 202
58 236
236 69
237 48
150 237
239 45
241 76
212 241
243 88
94 243
167 243
243 224
110 244
133 245
133 247
248 25
50 249
249 60
250 130
173 250
251 9
251 91
1 252
53 254
28 256
50 256
257 80
257 101
143 257
162 257
258 158
123 259
259 225
259 231
139 260
260 197
261 93
93 262
264 34
235 266
48 267
267 135
268 44
146 268
1 271
119 271
205 271
273 78
273 153
146 274
275 166
275 238
57 276
280 37
122 280
257 281
56 283
284 66
184 285
272 285
286 20
173 287
288 75
288 130
18 289
289 271
289 284
4 290
290 103
240 290
141 291
291 154
296 287
12 297
272 297
298 36
78 298
298 280
166 299
27 300
300 74
300 206
12 301
301 21
186 301
24 302
302 76
302 252
95 303
61 304
305 55
133 306
306 168
307 2
67 308
309 3
309 91
173 309
309 217
232 309
6 310
310 217
310 265
39 312
63 313
313 241
287 313
314 134
315 263
91 316
316 258
44 318
22 319
319 122
5 320
282 322
322 296
324 208
290 324
8 327
328 58
146 328
140 329
329 190
234 330
330 315
331 169
219 332
332 265
266 333
239 335
336 142
336 313
99 337
104 338
339 226
271 339
340 29
340 39
209 341
342 186
344 212
135 347
347 239
81 349
131 350
350 138
350 141
48 351
210 351
352 11
317 352
352 342
353 234
26 354
269 354
354 326
4 356
356 339
67 358
258 359
361 167
361 188
10 362
208 363
364 311
22 365
367 248
367 315
179 368
368 321
368 322
83 370
370 133
310 371
331 371
371 360
10 372
279 372
286 372
373 51
106 373
373 165
373 172
281 373
375 18
375 141
334 375
168 376
16 377
39 377
377 58
377 97
211 377
224 377
379 169
311 379
380 348
383 258
315 383
384 115
384 192
361 384
386 78
18 387
69 387
387 123
388 23
125 388
237 388
148 389
284 391
392 102
392 328
121 393
393 290
394 31
375 394
395 119
94 396
346 396
368 396
397 98
242 397
15 398
398 248
126 399
399 233
399 238
329 399
400 135
400 167
194 402
402 256
53 404
139 404
404 141
404 161
230 404
257 404
404 312
335 404
405 52
108 406
156 407
409 393
410 63
391 410
411 288
24 412
110 412
412 257
413 68
11 414
18 414
415 7
219 415
415 348
416 103
158 416
416 169
417 217
114 418
418 347
206 419
175 420
421 65
421 163
203 421
275 421
421 293
84 422
422 170
423 219
31 424
424 268
390 424
324 425
425 362
403 425
97 426
426 185
426 242
140 427
417 427
429 127
142 430
110 431
434 31
226 434
436 213
436 229
287 436
436 369
415 437
1 438
439 118
440 321
73 442
106 442
443 150
377 443
443 381
443 439
320 444
444 332
445 173
349 445
446 25
151 446
313 446
449 105
450 229
367 450
420 450
451 89
209 451
451 265
452 16
66 452
77 452
452 355
364 452
454 13
140 454
255 455
455 348
456 306
347 456
383 456
458 6
35 458
459 39
459 260
317 459
459 393
460 439
62 461
461 192
267 461
347 461
461 457
434 462
20 464
60 464
465 203
246 466
467 98
467 213
219 468
469 33
469 140
183 470
376 470
359 471
124 472
472 423
473 14
128 473
134 473
474 160
64 475
475 365
476 97
175 476
476 245
476 252
345 476
478 59
26 479
38 479
479 331
480 178
355 480
414 480
434 481
80 482
482 214
482 320
296 483
483 428
485 104
352 485
485 456
484 485
309 486
34 487
488 51
66 488
223 488
489 113
238 492
493 127
494 138
214 494
495 308
496 260
206 497
499 140
160 499
220 499
499 371
499 381
418 499
267 500
500 289
363 500
500 413
337 501
445 501
502 121
502 128
347 502
502 365
389 502
138 503
503 302
503 305
309 503
94 504
504 485
6 505
505 171
505 311
422 505
506 105
506 307
223 507
507 412
476 507
446 508
508 481
509 99
209 509
161 510
511 278
110 512
512 153
512 169
361 512
512 374
70 513
291 514
516 41
149 516
265 516
517 263
517 376
464 517
417 518
518 435
470 518
474 518
519 353
427 520
521 256
521 366
205 522
522 322
464 522
19 523
523 36
523 157
334 523
508 523
524 463
512 526
527 121
527 210
319 527
529 512
530 158
174 530
531 310
376 531
516 532
533 292
534 231
305 534
176 535
535 230
492 535
536 5
536 40
83 537
186 538
539 180
367 539
540 106
450 541
503 541
542 74
542 120
352 542
391 542
542 400
431 542
543 211
543 223
366 543
543 463
544 121
129 545
547 8
60 547
130 548
548 271
315 548
241 549
375 549
549 450
427 551
552 45
552 306
436 552
552 507
553 300
136 554
155 554
341 554
84 555
555 112
556 512
295 557
134 558
558 245
270 558
559 92
559 243
442 559
559 539
559 557
5 560
560 27
102 560
148 560
560 155
560 322
556 560
5 561
255 561
375 561
561 553
562 106
285 562
563 20
563 124
373 563
564 56
115 564
135 564
166 564
564 393
424 564
173 565
565 201
297 565
565 499
566 59
81 566
566 174
566 264
280 566
567 335
55 568
381 568
569 105
569 178
291 569
310 569
569 421
539 569
570 37
81 570
427 570
571 23
571 69
501 571
572 125
236 572
404 572
572 558
573 279
303 573
476 573
573 539
264 574
575 183
575 504
107 576
576 127
576 268
354 576
577 154
349 577
368 577
578 219
578 373
400 578
81 579
579 252
538 579
580 283
580 417
94 581
581 109
153 581
410 581
583 11
202 583
383 583
583 581
584 155
250 585
78 586
586 258
361 586
525 586
587 232
578 588
589 42
590 4
15 590
590 513
86 591
359 591
591 408
591 433
525 591
119 593
593 190
288 593
593 339
593 583
78 594
594 243
594 399
446 594
595 69
206 595
10 596
596 41
597 214
439 597
518 597
598 491
526 598
599 13
599 132
293 599
470 599
600 301
495 600
601 8
18 602
283 602
602 390
602 391
433 602
557 602
603 198
539 604
605 472
606 17
523 606
607 254
607 291
297 607
607 318
506 607
574 608
608 575
1 609
499 609
123 610
610 524
252 611
611 518
612 202
219 612
612 342
612 510
546 612
46 613
81 613
500 613
613 608
614 17
447 614
89 615
615 524
535 615
616 86
616 593
280 617
617 423
618 361
600 618
619 76
251 619
465 619
621 53
621 196
544 621
158 622
350 622
559 622
625 1
625 89
129 625
625 329
626 384
441 626
626 466
623 626
96 627
178 627
627 345
607 627
365 628
628 367
548 628
628 610
629 19
132 629
629 159
630 308
386 630
631 11
421 631
511 631
632 67
632 136
318 632
372 632
632 454
499 632
633 176
344 633
109 634
635 272
635 333
438 635
635 476
320 638
362 638
638 436
638 505
264 639
486 639
640 163
204 640
640 465
640 639
99 641
641 478
641 510
565 641
642 91
547 642
352 643
643 364
643 444
214 644
482 644
645 321
324 645
646 544
646 577
616 646
647 87
220 647
121 648
648 646
243 649
405 649
649 470
649 490
164 651
213 651
651 250
255 652
460 652
652 510
615 652
653 147
653 288
324 653
653 455
486 654
500 654
654 629
655 110
270 655
523 655
656 300
358 656
657 376
658 591
11 659
659 496
660 135
508 660
660 621
89 661
237 661
661 374
662 283
643 662
286 663
663 394
53 664
664 170
664 442
604 664
265 665
665 316
640 665
666 139
188 666
197 666
666 359
666 496
148 667
358 667
667 527
53 668
668 142
668 174
429 668
668 628
669 217
407 669
670 18
114 670
89 671
671 316
501 671
530 671
245 672
673 358
401 673
674 171
674 233
386 674
674 649
675 69
167 675
72 676
396 676
611 676
677 61
677 116
144 677
115 678
678 357
477 678
679 141
679 246
307 679
679 443
679 452
490 679
679 522
528 679
552 679
679 676
680 101
504 681
22 683
48 683
130 683
683 367
683 494
601 683
684 105
685 115
317 685
685 481
354 686
27 687
269 687
687 450
610 687
464 688
688 524
677 688
689 12
689 136
440 690
691 126
691 181
428 691
691 682
188 692
266 692
692 274
692 424
169 693
261 693
693 558
29 694
694 310
194 695
277 695
695 414
696 53
142 697
697 197
360 697
241 698
698 266
698 528
624 698
488 699
700 38
49 700
700 300
700 412
113 701
701 169
701 261
302 701
701 437
642 701
655 701
701 691
702 215
284 702
350 702
702 509
558 702
703 282
703 382
633 703
704 88
132 704
475 704
704 524
40 705
222 705
705 330
705 524
625 705
186 706
706 226
587 706
545 708
708 698
159 709
709 261
709 609
50 710
710 220
487 710
380 711
711 598
711 680
166 712
530 712
713 184
388 713
713 647
714 45
178 714
714 354
714 434
163 715
715 287
349 716
588 716
716 662
717 485
518 717
579 717
717 634
64 718
718 441
718 508
573 718
221 719
719 307
309 719
719 347
419 719
31 720
720 467
722 484
524 722
144 723
723 450
483 723
723 640
724 1
95 724
724 233
724 379
423 724
724 676
88 725
493 725
725 550
92 726
370 726
53 727
727 257
610 727
727 660
728 204
673 728
729 15
729 88
692 729
29 730
48 730
308 730
731 85
731 216
661 732
174 733
733 288
608 733
734 175
734 440
573 734
735 183
735 409
451 735
735 649
391 736
484 736
736 520
737 394
408 737
236 738
55 739
201 739
739 426
739 604
322 740
740 459
740 482
267 741
741 340
502 741
570 741
727 741
742 1
195 742
592 742
742 630
698 742
743 179
744 149
218 744
744 317
744 430
555 744
745 27
109 745
159 745
745 202
745 203
257 745
379 745
746 466
476 746
746 490
101 747
573 747
747 740
748 589
688 748
748 727
108 749
342 749
750 151
750 315
331 750
435 750
750 659
90 751
751 235
751 455
498 751
751 666
751 667
639 752
752 738
60 753
208 753
753 394
754 19
120 754
155 754
754 210
460 754
754 491
754 584
226 755
755 345
649 755
652 755
756 736
214 757
456 757
757 533
758 405
452 758
710 758
759 136
644 759
739 759
760 148
238 760
760 566
761 305
702 761
762 206
228 762
284 762
762 364
763 131
579 763
642 763
764 462
512 764
764 603
764 636
749 764
764 751
765 14
288 765
765 378
635 765
66 766
767 8
767 359
615 767
339 768
768 561
639 768
769 6
769 500
764 769
146 770
770 150
157 770
770 252
420 770
661 770
771 329
771 600
153 772
326 772
772 435
667 772
773 34
773 49
307 773
773 359
773 500
528 773
773 736
385 774
393 774
774 631
98 775
310 775
410 775
776 160
326 776
776 635
776 687
191 777
777 629
777 703
764 777
85 778
207 778
340 778
778 370
779 170
324 779
510 779
780 46
243 780
780 439
780 676
298 781
781 433
781 620
292 782
782 301
372 782
577 783
783 598
784 518
524 784
765 784
137 785
484 785
785 651
786 327
510 787
787 555
787 567
248 788
788 328
66 789
646 789
743 789
790 721
777 790
784 790
791 133
182 791
791 664
792 292
536 792
792 776
793 176
302 793
793 623
29 794
155 794
794 399
794 582
695 794
213 795
795 404
80 796
796 126
264 796
419 796
796 780
797 360
476 797
797 621
739 797
70 798
798 461
799 22
188 799
209 799
799 475
504 799
799 707
800 337
464 800
800 553
801 357
191 802
802 293
11 803
279 803
803 601
804 39
409 804
609 804
804 649
2 805
805 400
805 752
60 806
806 106
459 806
517 806
806 749
160 807
558 807
807 705
808 467
619 808
737 808
809 45
190 809
426 809
809 541
660 809
809 667
810 364
440 810
810 503
509 811
633 811
812 11
812 70
109 812
121 812
812 143
651 812
812 677
813 567
651 813
813 768
814 35
139 814
814 243
321 814
431 814
814 622
815 12
30 815
132 815
815 513
680 815
815 708
816 176
639 816
693 816
817 289
599 818
818 661
732 819
786 819
820 131
820 463
687 820
734 820
821 176
790 821
822 271
822 764
79 823
823 266
823 506
183 824
824 296
411 824
482 824
824 612
673 824
37 825
312 825
825 492
98 826
826 510
826 534
111 827
827 188
827 292
526 827
718 827
39 828
246 829
830 362
830 534
563 830
805 830
831 105
172 831
831 351
831 429
431 831
831 443
831 511
769 832
833 477
659 833
299 834
834 309
835 56
208 835
369 835
552 835
147 836
836 351
836 468
738 836
837 70
837 112
396 837
837 430
513 837
515 837
88 838
838 469
644 838
735 838
839 119
174 840
840 497
840 782
832 840
841 51
841 588
720 841
842 34
160 842
179 842
842 253
842 265
270 842
9 843
843 235
326 843
844 70
145 844
524 844
845 166
845 315
395 845
846 426
816 846
177 847
847 670
847 771
293 848
429 848
849 20
512 849
850 145
850 361
562 850
851 40
851 589
839 851
853 23
793 853
253 854
854 569
854 674
160 855
789 855
855 800
5 856
856 265
856 513
573 856
857 276
330 857
338 857
857 357
445 857
677 857
858 95
858 229
582 858
438 859
859 582
701 859
817 859
859 847
68 860
860 526
860 605
777 861
861 803
29 863
158 863
863 178
863 781
782 863
53 865
865 91
108 865
865 702
865 794
159 866
866 265
866 612
705 866
867 237
288 867
296 867
867 549
868 8
395 868
827 868
869 9
664 869
869 743
869 769
293 870
360 870
871 722
781 871
872 88
307 872
491 872
872 527
872 615
735 872
44 873
873 511
536 873
874 112
874 219
300 874
874 318
874 458
643 874
874 778
788 874
826 874
875 88
149 875
273 875
438 875
876 21
163 876
876 316
876 379
682 876
876 706
876 800
162 877
534 877
541 877
283 878
878 662
878 781
92 879
503 879
879 613
218 880
880 368
880 449
152 881
881 283
881 463
475 881
881 532
850 881
726 882
882 748
883 48
328 884
776 884
89 885
364 885
885 575
885 762
872 885
886 136
886 159
190 886
887 84
614 887
640 887
653 887
887 694
218 888
449 888
888 563
660 888
888 790
889 467
556 889
889 676
889 768
108 890
890 289
760 890
860 890
891 233
891 236
610 891
37 892
892 69
451 892
893 71
464 893
645 893
894 207
894 245
579 894
894 648
723 894
54 895
895 199
895 393
555 895
575 895
895 616
746 895
896 48
896 90
242 896
896 477
896 631
709 896
897 37
238 897
402 897
897 557
897 572
646 897
844 897
898 53
613 898
898 844
899 250
541 899
899 839
124 900
451 900
900 734
740 900
794 900
900 887
901 67
371 901
885 901
902 111
200 902
345 902
903 296
349 903
903 428
904 137
255 904
904 292
360 904
253 905
905 261
905 306
757 905
251 906
907 529
618 907
907 646
908 359
628 908
908 761
909 461
493 909
909 602
666 909
235 910
910 877
911 46
462 911
657 911
911 675
819 911
912 152
912 558
726 912
734 912
912 744
155 913
913 247
350 913
452 913
913 736
914 24
223 914
491 914
914 716
864 914
915 72
915 98
171 915
915 260
915 619
654 915
916 279
554 916
654 916
916 826
204 917
494 917
693 917
918 558
738 918
918 836
919 19
213 919
919 325
919 399
661 919
301 920
114 921
122 921
921 593
921 743
166 922
171 922
922 197
294 923
924 419
924 447
718 924
925 530
925 867
33 926
926 468
595 926
663 926
927 252
927 614
155 928
269 928
408 928
311 929
929 667
930 123
457 930
931 234
931 583
587 931
932 387
667 932
762 932
454 933
933 916
79 934
247 934
934 856
45 935
935 298
935 465
513 935
936 100
936 126
202 936
936 329
620 936
53 937
937 100
937 520
438 938
567 938
938 785
919 938
939 130
146 939
203 939
939 240
939 443
496 939
939 624
635 939
644 939
939 775
939 832
113 940
122 940
940 321
494 940
940 519
940 861
319 941
941 352
941 622
220 942
942 392
450 942
599 942
942 623
942 632
645 942
652 942
942 881
168 943
943 478
943 491
847 943
944 163
301 944
372 944
944 448
694 944
35 945
945 113
945 669
884 945
325 946
946 359
728 946
780 946
947 196
694 947
948 534
948 846
480 949
949 786
939 949
186 950
950 256
950 464
539 950
689 951
951 717
176 952
952 196
952 473
591 952
952 894
953 46
236 953
953 332
606 953
43 954
954 156
954 684
863 954
881 954
955 22
535 955
956 325
956 392
403 956
406 956
956 540
677 956
957 117
179 957
181 957
957 459
958 114
135 958
576 958
959 72
398 959
959 709
959 721
655 960
960 788
960 807
261 961
961 668
960 961
68 962
962 104
148 962
621 962
73 963
963 556
755 963
964 90
964 392
509 964
964 513
964 676
687 964
495 965
597 965
610 965
965 806
965 877
129 966
154 966
966 230
641 966
966 884
967 64
314 967
967 550
967 755
143 968
968 243
469 968
556 968
968 589
968 706
710 968
142 970
509 970
554 970
970 870
971 415
638 971
971 710
971 937
16 972
972 161
203 972
379 972
482 972
972 494
791 972
749 973
974 24
204 974
974 661
974 786
812 974
974 826
974 930
782 975
975 853
869 975
960 975
976 13
976 138
35 977
143 977
977 548
622 977
977 635
789 977
858 977
978 818
978 888
664 979
979 728
850 979
889 979
980 6
980 321
330 980
560 980
980 591
664 980
980 714
980 898
971 980
981 498
981 777
259 982
982 485
564 982
569 982
982 677
982 862
865 982
883 982
983 116
431 983
983 644
983 801
813 983
984 112
220 984
936 984
984 979
152 985
258 985
985 343
985 460
500 985
517 985
985 584
901 985
442 986
986 449
940 986
986 980
987 4
373 987
987 814
819 987
251 988
988 344
988 460
677 988
2 989
989 788
915 989
990 252
990 422
519 990
990 893
990 915
284 991
991 328
613 991
888 991
992 53
992 297
318 992
373 992
992 600
660 992
992 732
992 881
27 994
369 994
994 640
127 995
995 172
215 995
425 995
995 565
996 13
111 996
178 996
996 433
590 996
996 723
996 798
855 996
997 21
997 471
42 998
998 362
606 998
715 998
998 858
931 998
962 998
103 999
999 110
727 999
999 926
1000 124
623 1000
1001 232
1001 350
384 1001
725 1001
989 1001
459 1002
1002 590
1002 956
673 1003
815 1003
1004 80
755 1004
1005 732
1005 785
795 1005
1006 22
1006 61
827 1006
1006 903
964 1007
170 1008
1008 262
1008 602
921 1008
929 1008
897 1009
956 1009
1009 970
1010 89
99 1010
1010 125
1010 767
1000 1010
1011 25
252 1011
449 1011
67 1012
1012 164
179 1012
513 1012
1012 657
944 1012
1013 50
1013 190
540 1013
1013 743
1013 918
16 1014
1014 74
141 1014
343 1014
1014 454
1014 762
31 1015
135 1015
1015 454
130 1016
1016 159
353 1016
588 1016
1016 911
1017 267
751 1017
1017 794
871 1017
944 1017
1017 1007
1018 292
543 1018
556 1018
1018 557
579 1018
1019 90
1019 134
233 1019
1019 504
1019 775
973 1019
1020 49
267 1020
434 1020
1020 727
1020 848
145 1021
338 1021
1021 524
123 1022
1022 355
1022 677
755 1022
1022 842
995 1022
824 1023
1024 640
650 1024
783 1024
1024 894
1025 45
354 1025
958 1025
1026 45
380 1026
996 1026
1027 714
938 1027
1028 75
1028 560
784 1028
1028 834
973 1028
281 1029
1029 669
1030 128
321 1030
854 1030
1031 32
41 1031
1031 109
1031 771
822 1031
1031 1026
1032 31
278 1032
1032 332
511 1032
622 1032
1032 871
1033 210
581 1033
894 1033
1033 932
41 1034
1034 931
1035 37
817 1035
842 1035
1036 84
345 1036
1036 448
449 1036
680 1036
1036 775
1037 58
878 1037
212 1038
1038 227
927 1038
1039 177
1039 187
361 1039
1039 616
1039 637
695 1039
1039 698
819 1039
974 1039
1040 62
122 1040
223 1040
294 1040
1040 382
682 1040
1040 731
1040 1034
259 1041
1041 509
1041 686
918 1041
143 1042
699 1042
39 1043
1043 158
1043 776
56 1044
305 1044
1044 401
640 1044
1044 672
1044 739
33 1045
1045 234
1045 762
875 1045
1045 913
99 1046
295 1046
1046 838
1047 11
93 1047
108 1047
170 1047
450 1047
1048 165
1048 333
437 1048
1048 736
1048 814
840 1048
1049 91
387 1049
452 1049
703 1049
1049 1041
38 1050
248 1050
1050 342
462 1050
1050 475
1050 793
845 1050
1052 73
1052 127
232 1052
1052 469
552 1052
602 1052
1052 786
1052 926
1030 1052
1045 1052
1053 27
80 1053
1053 128
178 1053
196 1053
1053 538
1053 729
867 1053
1054 264
408 1054
533 1054
1054 688
1055 794
93 1056
175 1056
1056 241
300 1056
1056 543
1056 789
843 1056
1056 893
1057 16
44 1057
1057 186
277 1057
862 1057
1057 976
1058 376
383 1058
487 1058
1058 769
18 1059
1059 90
1059 104
109 1059
1060 315
660 1060
683 1060
1061 311
630 1061
686 1061
1062 368
1062 621
650 1062
861 1062
1063 123
186 1063
505 1063
1063 800
189 1064
1064 891
1066 412
435 1066
1067 323
60 1068
943 1068
1069 96
1069 515
800 1069
916 1069
1070 311
82 1071
1071 250
1071 729
908 1071
1072 298
1072 633
801 1072
1072 901
5 1073
47 1073
1073 420
1073 708
866 1073
621 1074
1074 686
703 1074
1074 730
1074 1020
315 1075
352 1075
1075 640
1045 1075
1076 164
297 1076
977 1076
1077 165
1077 428
757 1077
884 1077
1077 954
989 1077
1077 1037
1078 401
619 1078
1078 649
1078 655
713 1078
1079 209
325 1079
871 1080
1081 1
454 1081
493 1081
272 1082
1082 439
498 1082
1082 528
1082 865
890 1082
1082 986
1083 45
316 1083
331 1083
384 1083
435 1083
1083 537
1083 704
846 1083
879 1083
1084 414
458 1084
1084 910
1084 955
1021 1084
1086 48
1086 223
402 1086
1086 657
760 1086
815 1086
1086 1004
1087 229
580 1087
639 1087
722 1087
442 1088
1088 566
1088 580
741 1088
1088 802
1088 945
27 1089
1089 66
199 1089
340 1089
359 1089
1089 555
807 1089
862 1089
1089 1028
218 1090
1090 527
1090 550
732 1090
1092 139
1092 334
450 1092
1092 517
1078 1092
82 1093
1093 220
1093 466
824 1093
108 1094
1094 117
159 1094
1094 436
742 1094
237 1095
1095 353
1095 524
552 1095
1095 647
901 1095
966 1095
1096 466
1097 272
297 1097
385 1097
1097 500
702 1097
1097 786
1097 819
901 1097
1097 976
1097 1069
850 1098
1099 124
388 1099
389 1099
1099 512
1099 1079
15 1100
133 1100
1100 220
242 1100
1100 352
1101 412
337 1102
1102 497
519 1102
747 1102
1102 966
158 1103
509 1103
1103 551
1103 745
20 1104
848 1104
1104 952
966 1104
95 1105
1105 136
226 1105
1105 235
1105 342
697 1105
1105 925
174 1106
365 1106
1106 402
1106 445
540 1106
549 1106
1106 1072
28 1107
1107 448
1107 464
509 1107
1107 603
1108 16
26 1108
1108 87
317 1108
383 1108
1108 594
1108 1033
1076 1108
1080 1108
1109 84
430 1109
1109 835
1109 1011
49 1110
293 1110
1110 468
578 1110
1110 739
573 1111
581 1111
1111 675
1111 819
885 1111
1011 1111
1112 49
51 1112
1112 52
1112 156
643 1112
1112 810
1112 901
949 1112
1113 2
18 1113
157 1113
1113 400
424 1113
438 1113
717 1113
1113 789
860 1113
1113 887
1114 644
707 1114
1114 735
1114 849
1032 1114
107 1115
430 1115
868 1115
1115 1088
1116 206
959 1116
117 1117
1117 449
719 1117
1117 931
1117 1043
201 1118
1118 694
1118 903
1045 1118
1119 2
194 1119
459 1119
1119 579
1120 246
257 1120
260 1120
346 1120
378 1120
1121 189
1121 225
475 1121
1121 658
1121 711
718 1121
1121 876
651 1122
670 1122
927 1122
1122 939
143 1123
285 1123
1123 293
443 1123
1123 768
1123 789
957 1123
1124 51
1124 195
270 1124
1124 1059
31 1125
122 1125
1125 219
1126 115
560 1126
791 1126
1126 941
949 1126
1126 966
1030 1126
402 1127
1127 590
1127 593
426 1128
1128 819
863 1128
1122 1128
1129 15
1129 125
208 1129
831 1129
1130 848
81 1131
1131 293
1131 336
781 1131
1131 889
1131 958
995 1131
1131 1002
483 1132
533 1132
1132 719
1132 763
894 1132
1074 1132
1132 1082
153 1133
1133 617
1133 1022
1036 1133
1133 1052
359 1134
418 1134
1134 519
742 1134
752 1134
1135 64
1135 72
133 1135
200 1135
1135 294
469 1135
617 1135
1135 645
865 1135
1136 60
1136 123
292 1136
1136 335
807 1136
932 1136
1136 962
1136 986
1047 1136
1124 1136
1137 8
73 1137
1137 89
1137 117
565 1137
1137 1081
1138 372
761 1138
1138 853
880 1138
956 1138
1138 1071
1139 135
172 1139
346 1139
1139 402
942 1139
1140 338
1140 675
248 1141
465 1141
1141 908
105 1142
1142 182
502 1142
520 1142
1142 567
1142 589
727 1142
36 1143
1143 432
765 1143
1143 811
1143 896
964 1143
1143 974
1143 989
177 1144
1144 297
404 1144
902 1144
1144 1044
1033 1145
832 1146
1010 1146
1147 46
620 1147
1147 664
1147 745
763 1147
1147 778
1147 786
841 1147
1037 1147
178 1148
363 1148
1148 510
1148 674
928 1148
977 1148
1148 1055
80 1149
1149 189
1149 726
965 1149
1150 132
1150 189
297 1150
1150 822
866 1150
140 1151
1151 237
1151 433
464 1151
599 1151
96 1152
667 1152
1152 721
1152 734
883 1152
1153 40
1153 351
365 1154
1154 924
1147 1154
130 1155
266 1155
1155 757
50 1156
217 1156
1156 329
491 1156
1156 759
1157 172
342 1157
1157 1115
1158 34
243 1158
1158 445
588 1158
108 1159
1159 205
1159 919
3 1160
15 1160
1160 57
299 1160
1161 399
607 1161
645 1161
1161 669
1161 728
1035 1161
1162 28
366 1162
372 1162
1162 459
1162 509
562 1162
1159 1162
1163 234
643 1163
1163 729
1163 746
1162 1163
1164 9
1164 37
278 1164
1164 338
425 1164
534 1164
1164 643
1165 117
383 1165
414 1165
1165 471
658 1165
1165 701
1165 758
1079 1165
1166 634
676 1166
120 1167
1167 127
201 1167
447 1167
1167 503
1167 513
770 1167
1007 1167
1167 1144
35 1168
350 1168
1168 368
508 1168
1168 787
1168 950
196 1169
1169 315
364 1169
485 1169
1169 820
1169 1088
568 1170
966 1170
1171 1067
1163 1171
1172 279
1172 322
326 1172
1172 1057
1173 436
465 1173
1173 589
675 1173
1066 1173
1173 1115
1174 202
511 1174
514 1174
1174 796
813 1174
1175 105
1175 1071
1093 1175
1112 1175
1176 225
348 1176
1176 501
548 1176
723 1176
1176 1115
1177 89
210 1177
1026 1177
1177 1049
161 1178
1178 365
1178 417
512 1178
1178 897
1178 1105
1131 1178
1179 36
669 1179
822 1179
1179 1010
84 1180
124 1180
340 1180
1180 400
552 1180
1180 745
1180 768
814 1180
1180 1109
1180 1157
4 1181
118 1181
151 1181
762 1181
1181 812
1181 836
899 1181
1159 1181
1182 259
325 1182
1182 546
1182 772
1091 1182
1183 507
1183 653
664 1183
1183 696
706 1183
910 1183
1183 1133
1183 1134
255 1184
570 1184
749 1184
790 1184
1184 904
1184 959
960 1184
1185 22
1185 262
265 1185
1185 432
512 1185
729 1185
850 1185
1185 902
48 1186
570 1186
1186 867
1020 1186
1187 593
1187 940
31 1188
1188 229
1188 591
598 1188
1188 989
1028 1188
1055 1188
1188 1064
1189 121
436 1189
450 1189
1189 827
911 1189
1189 943
975 1189
64 1190
1190 247
1190 342
427 1190
1190 432
473 1190
485 1190
1190 768
1191 74
241 1191
695 1191
1191 810
981 1191
1191 985
1192 11
638 1192
1192 920
1192 1105
1120 1192
1192 1158
155 1193
410 1193
1193 485
1193 689
700 1193
380 1194
1194 547
708 1194
1194 922
1194 1083
141 1195
1195 181
545 1195
1042 1195
1196 384
402 1196
543 1196
1196 786
1196 787
904 1196
1154 1196
1196 1159
357 1197
638 1197
1197 683
737 1197
1197 857
1197 889
890 1197
1197 1005
1026 1197
235 1198
1198 305
1198 404
474 1198
826 1198
1199 112
458 1199
1199 711
1199 772
886 1199
1199 1045
1199 1178
315 1200
1200 388
412 1200
543 1200
1200 907
1200 963
1132 1200
1189 1200
1201 163
289 1201
1201 857
1202 76
258 1202
331 1202
1202 500
538 1202
1202 549
555 1202
826 1202
1202 831
1202 899
938 1202
115 1203
1203 309
581 1203
1203 649
1203 780
910 1203
1203 1085
