1000 2000
878 1
301 2
517 3
692 4
474 5
388 6
985 7
457 8
117 9
644 10
937 11
828 12
419 13
544 14
583 15
788 16
616 17
563 18
76 19
634 20
615 21
828 22
841 23
694 24
749 25
682 26
291 27
979 28
689 29
29 30
952 31
944 32
499 33
548 34
264 35
380 36
11 37
870 38
579 39
43 40
340 41
925 42
404 43
728 44
677 45
591 46
852 47
87 48
150 49
801 50
359 51
380 52
239 53
657 54
251 55
307 56
421 57
245 58
256 59
487 60
689 61
762 62
261 63
780 64
952 65
358 66
80 67
881 68
129 69
250 70
862 71
561 72
141 73
509 74
31 75
291 76
593 77
271 78
409 79
122 80
359 81
395 82
931 83
146 84
974 85
426 86
233 87
188 88
297 89
958 90
261 91
428 92
703 93
565 94
779 95
223 96
35 97
203 98
284 99
151 100
485 101
483 102
390 103
579 104
274 105
500 106
369 107
945 108
568 109
380 110
927 111
62 112
199 113
780 114
322 115
259 116
767 117
988 118
509 119
800 120
297 121
263 122
798 123
36 124
901 125
202 126
31 127
160 128
419 129
171 130
649 131
302 132
667 133
629 134
652 135
543 136
930 137
452 138
841 139
87 140
255 141
802 142
994 143
601 144
637 145
378 147
694 148
924 149
348 150
546 151
799 152
903 153
356 154
113 155
593 156
345 157
461 158
694 159
551 160
930 161
569 162
322 163
280 164
278 165
637 166
311 167
375 168
689 169
445 170
607 171
471 172
444 173
323 174
854 175
613 176
962 177
51 178
848 179
849 180
286 181
908 182
76 183
323 184
544 185
372 186
562 187
359 188
787 189
222 190
388 191
245 192
575 193
345 194
233 195
96 196
738 197
373 198
359 199
775 200
994 201
106 202
698 203
615 204
907 205
909 206
536 207
958 208
656 209
198 210
511 211
971 212
500 213
262 214
922 215
78 216
649 217
570 218
18 219
288 220
615 221
331 222
593 223
787 224
123 225
211 226
297 227
167 228
375 229
952 230
99 231
819 232
390 233
607 234
106 235
499 236
146 237
828 238
873 239
878 240
52 241
517 242
245 243
549 244
213 245
425 246
140 247
645 248
76 249
302 250
562 251
209 252
418 253
648 254
448 255
736 256
628 257
123 258
242 259
370 260
903 261
546 262
903 263
779 264
654 265
169 266
237 267
638 268
449 269
964 270
307 271
123 272
274 273
199 274
891 275
332 276
213 277
301 278
103 279
952 280
736 281
683 282
901 283
445 284
467 285
418 286
583 287
555 288
958 289
661 290
3 291
204 292
642 293
276 294
600 295
271 296
593 297
449 298
234 299
759 300
379 301
903 302
513 303
877 304
151 305
335 306
780 307
449 308
470 309
233 310
370 311
689 312
593 313
588 314
460 315
89 316
752 317
764 318
311 319
632 320
951 321
646 322
421 323
560 324
144 325
76 326
448 327
542 328
121 329
719 330
861 331
173 332
917 333
188 334
455 335
119 336
796 337
198 338
268 339
534 340
470 341
693 342
715 343
169 344
113 345
101 346
360 347
261 348
981 349
85 350
62 351
25 352
87 353
435 354
288 355
445 356
616 357
555 358
903 359
404 360
892 361
533 362
156 363
82 364
398 365
711 366
792 367
271 368
449 369
687 370
913 371
787 372
638 373
735 374
977 375
803 376
242 377
642 378
223 379
302 380
119 381
939 382
931 383
50 384
953 385
146 386
159 387
908 388
716 389
917 390
474 391
583 392
568 393
167 394
404 395
689 396
203 397
912 398
570 399
559 400
308 401
704 402
128 403
89 404
637 405
817 406
449 407
776 408
474 409
475 410
529 411
35 412
434 413
436 414
486 415
610 416
428 417
302 418
110 419
999 420
971 421
928 422
827 423
257 424
332 425
307 426
615 427
870 428
891 429
224 430
313 431
370 432
854 433
900 434
703 435
628 436
872 437
183 438
144 439
808 440
422 441
611 442
859 443
146 444
917 445
802 446
917 447
31 448
146 449
795 450
20 451
752 452
237 453
870 454
91 455
544 456
801 457
294 458
266 459
380 460
722 461
172 462
341 463
917 464
582 465
808 466
300 467
395 468
645 469
593 470
369 471
534 472
145 473
677 474
146 475
952 476
370 477
889 478
509 479
695 480
480 481
179 482
448 483
702 484
449 485
377 486
780 487
301 488
632 489
63 490
434 491
312 492
464 493
928 494
238 495
430 496
540 497
58 498
31 499
958 500
987 501
909 502
478 503
254 504
70 505
611 506
277 507
719 508
106 509
271 510
898 511
22 512
436 513
553 514
234 515
418 516
84 517
971 518
212 519
779 520
605 521
772 522
169 523
592 524
917 525
70 526
824 527
89 528
78 529
52 530
801 531
448 532
467 533
687 534
668 535
174 536
62 537
381 538
930 539
242 540
642 541
790 542
450 543
806 544
233 545
518 546
368 547
907 548
332 549
104 550
3 551
80 552
66 553
106 554
223 555
997 556
911 557
4 558
689 559
739 560
572 561
117 562
444 563
637 564
303 565
88 566
266 567
532 568
509 569
608 570
302 571
173 572
369 573
167 574
476 575
483 576
368 577
794 578
593 579
269 580
316 581
848 582
647 583
398 584
206 585
318 586
583 587
188 588
520 589
104 590
188 591
928 592
722 593
396 594
161 595
778 596
880 597
875 598
231 599
906 600
300 601
448 602
6 603
62 604
182 605
109 606
19 607
269 608
23 609
988 610
498 611
841 612
207 613
471 614
146 615
18 616
413 617
931 618
156 619
878 620
470 621
741 622
317 623
591 624
674 625
766 626
819 627
332 628
76 629
881 630
842 631
593 632
557 633
408 634
793 635
890 636
50 637
31 638
538 639
112 640
386 641
692 642
538 643
404 644
339 645
714 646
908 647
377 648
85 649
976 650
779 651
238 652
210 653
443 654
908 655
755 656
512 657
567 658
401 659
244 660
555 661
604 662
810 663
114 664
262 665
98 666
679 667
227 668
949 669
67 670
481 671
808 672
870 673
567 674
78 675
482 676
242 677
278 678
159 679
991 680
714 681
559 682
563 683
777 684
877 685
762 686
444 687
848 688
958 689
616 690
404 691
261 692
952 693
18 694
762 695
18 696
422 697
122 698
638 699
407 700
368 701
51 702
971 703
98 704
924 705
532 706
746 707
48 708
646 709
602 710
802 711
223 712
868 713
260 714
778 715
767 716
887 717
59 718
588 719
477 720
805 721
444 722
457 723
436 724
887 725
798 726
245 727
958 728
87 729
486 730
534 731
511 732
692 733
562 734
798 735
689 736
889 737
63 738
302 739
99 740
250 741
828 742
692 743
968 744
6 745
110 746
722 747
692 748
243 749
907 750
879 751
242 752
737 753
541 754
897 755
549 756
323 757
703 758
908 759
647 760
667 761
445 762
242 763
224 764
352 765
900 766
261 767
509 768
375 769
576 770
575 771
859 772
288 773
844 774
420 775
500 776
534 777
767 778
677 779
615 780
957 781
132 782
974 783
123 784
685 785
988 786
877 787
395 788
58 789
449 790
204 791
242 792
710 793
854 794
518 795
459 796
953 797
63 798
949 799
958 800
655 801
156 802
778 803
649 804
878 805
418 806
78 807
96 808
251 809
396 810
724 811
283 812
930 813
91 814
616 815
196 816
142 817
248 818
307 819
52 820
313 821
91 822
500 823
881 824
140 825
196 826
288 827
332 828
854 829
503 830
359 831
283 832
897 833
870 834
84 835
396 836
119 837
602 838
125 839
682 840
246 841
738 842
736 843
103 844
879 845
926 846
65 847
326 848
722 849
30 850
605 851
555 852
594 853
722 854
905 855
408 856
144 857
68 858
52 859
327 860
91 861
487 862
777 863
102 864
963 865
285 866
803 867
900 868
831 869
288 870
62 871
802 872
917 873
493 874
773 875
873 876
879 877
277 878
188 879
188 880
307 881
793 882
668 883
296 884
373 885
86 886
563 887
563 888
628 889
911 890
655 891
242 892
494 893
111 894
932 895
181 896
332 897
425 898
977 899
891 900
33 901
635 902
146 903
291 904
615 905
656 906
988 907
958 908
776 909
302 910
780 911
370 912
219 913
772 914
101 915
114 916
188 917
308 918
699 919
960 920
874 921
287 922
996 923
903 924
51 925
908 926
615 927
245 928
212 929
474 930
930 931
422 932
491 933
642 934
729 935
245 936
610 937
667 938
703 939
937 940
339 941
690 942
175 943
262 944
928 945
106 946
772 947
73 948
601 949
817 950
647 951
958 952
946 953
35 954
299 955
924 956
246 957
722 958
987 959
433 960
532 961
150 962
907 963
644 964
868 965
45 966
671 967
377 968
420 969
500 970
76 971
976 972
827 973
638 974
966 975
375 976
359 977
213 978
380 979
448 980
722 981
370 982
259 983
549 984
323 985
121 986
9 987
359 988
65 989
838 990
946 991
793 992
897 993
254 994
296 995
900 996
608 997
701 998
489 999
263 1000
179 743
483 780
648 279
780 247
240 222
298 769
952 440
309 878
590 269
190 753
760 587
305 683
226 187
13 930
978 294
314 675
657 369
669 867
913 171
994 751
797 687
111 379
562 781
201 455
272 194
398 702
20 304
422 616
102 769
278 824
745 397
618 863
468 811
71 23
941 91
74 180
405 626
24 796
571 551
155 616
633 778
974 506
789 660
70 870
77 834
187 531
771 397
440 81
971 332
119 388
183 299
833 129
1 776
153 290
336 387
556 240
547 114
567 555
349 584
348 938
333 936
434 237
488 159
511 967
581 703
853 618
269 704
423 715
862 42
919 820
618 773
197 736
536 65
261 521
255 825
966 685
386 394
155 399
757 42
984 386
947 860
98 280
857 312
34 873
2 406
896 887
447 251
25 910
691 412
869 497
128 463
183 799
306 778
738 309
870 675
700 477
855 518
593 332
429 717
175 361
177 657
202 697
746 55
851 119
77 254
721 592
549 45
404 253
783 698
842 763
552 76
433 988
133 514
984 648
63 756
354 806
401 319
863 899
471 663
184 950
5 564
871 466
281 327
161 290
806 734
257 460
214 11
963 700
362 595
521 137
129 514
717 292
732 883
876 284
978 413
35 895
469 50
689 755
719 921
105 787
42 995
714 437
603 562
764 544
674 222
657 634
657 897
862 208
127 986
173 167
103 143
937 79
810 699
492 767
557 663
320 691
376 533
360 114
117 351
875 356
801 382
389 505
578 127
337 772
405 743
470 15
579 495
581 192
135 731
660 625
23 861
539 446
532 719
137 823
431 621
585 732
842 8
967 376
353 142
904 831
699 399
211 761
809 891
795 320
785 879
206 222
151 431
381 256
793 69
863 431
221 671
444 757
298 223
660 524
56 164
154 730
429 245
968 65
868 934
960 787
252 651
835 618
986 689
74 277
460 972
584 279
612 571
200 298
637 728
455 505
85 283
624 243
278 670
177 675
330 419
759 187
99 106
986 825
349 143
511 706
865 440
158 547
414 100
103 655
534 718
350 563
266 153
168 501
419 845
513 850
310 136
500 446
563 913
534 54
699 941
303 978
603 76
686 359
801 917
936 945
130 238
820 565
701 352
942 916
848 119
478 11
877 504
108 943
152 971
531 167
104 503
231 682
495 997
604 375
952 188
964 187
828 827
933 140
897 910
573 540
80 232
914 674
385 231
50 187
405 964
860 990
360 793
170 284
649 614
372 174
247 612
569 553
537 602
108 748
450 94
553 746
144 995
571 91
696 936
403 501
231 890
679 320
567 144
876 406
956 907
242 313
434 857
635 599
733 759
702 417
149 115
623 881
284 500
171 993
92 441
962 497
586 750
886 312
449 478
250 964
101 266
801 100
285 863
885 194
92 437
296 838
140 699
26 134
663 624
359 226
139 949
804 267
785 175
102 36
891 496
512 968
184 925
711 819
45 137
3 77
945 896
100 297
117 857
886 131
486 523
507 944
296 912
988 768
697 774
139 286
808 794
224 736
560 272
862 321
380 981
330 524
881 997
775 308
506 697
384 158
356 424
211 648
472 606
486 219
846 498
498 747
236 761
624 807
818 232
380 292
464 294
877 588
127 456
365 683
145 623
235 699
519 652
427 429
221 795
143 640
115 837
373 118
571 591
276 625
745 88
691 6
796 960
48 735
8 588
290 548
846 918
676 540
521 114
351 757
996 587
490 811
829 731
208 645
393 841
271 875
731 981
496 523
284 335
184 884
184 294
514 57
443 724
510 967
758 150
810 770
98 954
20 313
432 569
761 146
426 452
629 224
489 138
400 673
53 143
656 660
850 177
9 144
205 860
30 103
667 662
882 873
450 460
72 693
783 643
947 266
267 898
779 244
538 20
493 762
633 716
605 469
724 90
42 667
201 818
447 752
220 187
906 22
600 285
178 715
983 292
610 465
486 465
588 460
104 127
956 900
237 627
394 841
39 36
635 462
193 770
805 39
181 620
357 716
896 345
967 680
715 208
425 931
25 107
181 90
896 550
904 929
822 30
188 831
98 332
614 871
387 744
517 839
609 978
248 97
718 244
634 935
161 76
318 883
551 974
544 980
494 430
495 861
175 514
894 688
599 181
897 920
698 648
306 660
477 540
88 279
999 899
216 348
666 780
363 854
404 628
740 238
653 674
204 854
500 67
748 938
338 564
182 454
691 982
329 74
644 660
71 555
501 880
469 131
613 248
212 819
139 802
938 174
731 862
969 733
747 200
49 429
946 45
816 342
628 190
723 190
426 776
38 968
954 129
804 278
296 229
740 302
505 502
208 287
895 434
123 853
126 886
486 602
369 257
190 261
178 323
174 719
805 604
981 943
527 585
844 984
48 761
702 320
386 573
436 457
973 998
644 525
393 649
773 714
911 805
802 781
789 877
529 90
766 938
119 783
81 829
705 343
688 383
363 412
138 751
578 230
226 122
649 220
236 15
656 254
127 835
497 441
791 172
962 716
269 155
36 576
646 395
61 342
128 694
317 654
480 565
512 321
570 187
893 29
472 608
417 595
690 74
485 609
301 745
839 967
356 670
856 843
998 484
489 768
67 543
491 657
52 496
778 828
566 514
444 753
883 607
340 330
765 700
6 876
168 804
310 379
923 216
858 716
394 683
808 451
627 291
109 757
650 251
44 520
372 998
807 863
996 751
404 826
894 876
31 970
382 784
144 513
908 47
913 416
758 700
511 610
873 598
530 214
22 722
274 498
389 466
304 754
313 379
622 784
488 588
692 342
452 898
672 63
179 537
201 627
480 620
696 753
787 685
620 158
844 17
656 140
879 731
947 959
180 592
68 721
239 266
232 524
511 718
578 279
637 753
21 522
314 767
281 900
277 923
504 652
968 667
563 916
798 651
726 857
723 58
924 375
983 466
544 58
873 320
194 999
949 51
746 968
81 345
853 983
634 485
577 514
53 701
758 412
988 472
442 581
120 181
169 559
197 230
648 937
119 779
324 81
847 795
828 474
162 126
672 726
886 110
268 84
25 131
821 954
808 733
990 230
824 692
591 286
725 76
235 536
981 773
773 179
104 510
23 4
599 809
598 405
645 466
997 759
190 545
116 961
915 471
44 505
663 957
26 38
730 535
102 280
271 8
568 511
435 159
430 713
949 727
939 976
36 37
175 623
442 874
143 724
499 808
545 1
881 346
391 493
528 139
757 160
857 985
832 379
197 746
341 725
680 756
932 787
175 251
647 687
695 563
322 225
908 710
673 755
66 439
944 861
52 613
675 337
327 827
651 626
121 508
554 198
427 92
491 714
81 249
577 932
114 504
810 291
416 437
887 266
422 946
867 332
193 744
453 946
460 388
228 248
268 16
783 997
44 474
62 825
198 666
776 249
647 541
42 165
814 975
408 715
225 869
139 653
667 168
535 933
574 590
504 192
889 578
656 728
262 628
808 468
883 523
833 706
978 222
885 645
415 698
591 601
214 30
604 995
223 594
76 734
839 174
953 712
156 255
403 387
36 92
69 239
203 886
864 845
735 934
593 806
729 953
266 393
339 70
578 20
312 529
625 762
717 144
85 851
690 1
818 49
564 974
217 78
522 121
992 699
130 882
66 948
832 216
258 135
858 764
345 867
403 41
106 365
658 207
750 541
302 303
226 671
976 152
313 77
877 24
878 859
655 94
26 763
631 660
126 710
80 803
198 347
811 134
154 138
35 736
226 482
4 522
70 864
765 36
159 401
783 485
29 894
281 270
158 622
970 984
776 586
938 998
547 714
877 157
222 581
228 199
812 221
121 335
147 305
480 976
569 932
413 102
387 179
310 533
339 667
902 424
109 641
138 914
862 331
547 713
514 995
345 816
609 540
721 995
820 597
35 150
730 443
274 958
650 132
648 985
996 717
686 857
32 276
85 35
506 330
12 478
857 608
806 799
811 106
335 561
639 993
635 874
614 715
723 353
102 741
565 224
198 542
846 921
151 108
51 595
497 593
648 519
391 759
127 659
575 782
6 289
324 106
9 190
331 4
940 219
695 835
850 640
995 259
59 172
716 395
493 306
305 772
138 61
911 294
362 59
221 829
181 744
553 224
127 810
270 538
520 337
491 337
815 345
744 732
331 16
375 34
701 402
469 53
741 621
516 790
935 102
502 922
281 586
200 681
597 561
777 167
166 140
549 252
56 935
946 798
273 834
510 6
413 553
955 144
267 348
689 171
50 73
662 441
142 964
724 209
917 968
407 656
121 336
433 870
354 199
316 212
601 757
908 819
11 450
366 111
408 797
641 995
503 838
904 999
704 58
888 132
709 356
892 351
486 176
107 212
368 787
643 498
385 638
268 308
2 849
707 976
281 573
105 648
250 850
384 54
738 175
978 125
184 231
29 682
1000 256
727 969
358 352
770 436
235 728
59 927
166 754
549 750
266 319
166 255
616 577
818 845
209 63
812 305
538 151
758 309
573 45
680 475
400 82
293 943
820 80
734 862
123 530
249 270
967 888
138 812
387 543
364 909
681 799
19 244
328 111
145 978
246 963
250
936 292 1415 391 362 1142 1138 1602 511 1180 1807 880 1925 633 1659 1199 1342 1661 1665 1188 842 333 1811 610 824 1051 1230 878 152 1691 742 1017 171 1086 1976 929 449 1053 1837 935 1680 1182 1542 696 1046 45 793 1440 1366 1156 1411 659 1798 1025 557 714 1418 1187 280 1246 985 1742 1709 93 1626 947 721 989 49 1275 926 104 1042 956 229 155 1734 1702 73 377 285 1498 174 1157 1280 510 619 26 1274 56 618 282 893 318 1605 166 1642 1533 51 1571 108 1710 2000 1509 1618 1420 971 1094 75 1870 1355 1970 535 1864 1369 788 1511 204 883 25 1308 115 675 1161 1550 1177 751 2 311 395 1030 672 481 495 1184 1310 326 101 959 366 1775 1200 456 408 1340 614 1528 492 1884 1926 1466 433 1153 265 849 981 606 735 1591 448 1057 332 1773 888 319 1726 530 491 975 168 393 1076 1844 732 930 578 1377 116 730 118 1437 1785 903 1108 1455 1404 371 1281 906 587 176 489 859 863 1996 517 328 504 336 637 1397 699 263 1525 1899 1054 1205 1092 1956 224 1873 29 1588 303 831 1213 417 1166 827 1450 889 1625 294 885 454 1895 969 668 193 1856 500 1069 127 1776 884 703 1181 1510 505 685 475 991 1922 64 1852 1948 1813 1419 105 1344 
