48 671
21 1
12 2
2 3
22 4
12 5
10 6
23 7
3 8
16 9
2 10
23 11
2 13
38 14
36 15
10 16
33 17
15 18
36 19
3 20
12 21
11 22
3 23
36 24
2 25
16 26
3 27
42 28
47 29
10 30
37 31
33 32
23 33
42 34
11 35
21 36
48 37
24 38
24 39
1 40
19 41
2 42
46 43
12 44
3 45
6 46
31 47
21 48
19 27
3 48
7 43
3 10
7 13
37 21
31 24
1 27
6 3
39 23
20 2
9 32
34 38
17 48
25 31
30 16
37 2
34 20
15 43
28 7
32 29
22 44
32 27
25 5
5 18
15 2
46 39
42 18
42 8
19 34
38 12
18 13
42 21
27 33
4 26
36 9
45 39
21 17
34 12
39 30
9 13
47 13
6 24
47 16
16 19
6 12
33 3
10 22
19 8
47 25
6 32
36 20
23 12
3 38
22 24
35 36
17 3
46 35
32 25
35 24
18 31
28 21
11 45
43 4
15 1
14 26
11 28
33 21
9 22
43 13
30 13
1 14
24 26
24 32
35 28
8 37
11 19
11 30
11 42
21 26
30 28
41 24
10 8
23 18
2 27
4 12
27 24
46 38
30 26
23 2
4 5
9 5
1 19
17 14
7 22
5 17
1 47
18 41
29 8
6 1
4 37
10 21
36 1
10 32
26 1
9 30
10 1
39 18
26 34
17 12
16 36
9 18
26 11
14 40
4 2
2 17
16 28
14 11
14 8
41 16
22 1
30 8
16 46
31 44
7 11
4 14
48 23
14 9
43 31
35 9
28 5
39 5
39 48
39 41
22 33
18 6
15 40
3 24
37 35
23 21
2 35
4 36
25 26
38 9
9 28
3 25
10 43
41 12
42 6
34 11
16 25
15 34
21 2
26 46
9 27
37 45
32 40
27 23
35 48
32 11
3 9
22 26
25 45
38 26
18 3
14 18
43 25
46 36
8 32
37 10
43 11
1 11
8 43
26 44
43 36
35 41
23 40
20 7
8 41
20 14
40 36
42 47
23 9
36 47
48 25
9 19
5 1
20 17
33 2
24 10
37 14
14 23
11 15
20 1
5 20
34 18
35 27
21 8
24 33
17 18
46 15
18 16
43 21
19 23
24 45
23 20
2 19
13 15
20 35
43 12
8 24
27 16
46 44
43 27
1 37
16 39
36 38
23 29
16 40
16 35
29 42
17 44
27 47
28 34
9 45
31 38
42 36
6 31
27 30
25 38
28 19
11 4
30 38
31 28
15 22
25 11
44 25
17 19
20 31
6 8
36 28
14 36
25 23
14 12
38 4
15 37
35 39
34 25
45 28
22 43
46 47
20 42
4 20
15 5
3 12
20 10
38 18
48 32
2 7
47 18
22 34
27 5
29 18
27 31
30 22
40 38
46 42
30 36
33 30
45 19
23 10
18 37
15 24
35 8
18 35
11 24
44 24
21 31
29 21
37 33
19 12
30 2
19 46
13 32
19 10
22 3
28 17
5 23
43 6
39 20
38 42
28 46
47 33
35 12
41 10
45 48
22 14
9 31
33 48
14 16
4 7
19 43
40 5
41 14
38 39
21 18
22 28
6 5
15 33
8 12
28 27
39 7
27 7
40 8
48 24
18 36
43 5
19 26
9 21
45 1
41 45
38 28
26 5
45 17
48 34
28 47
14 13
24 47
39 34
22 21
13 11
19 35
42 14
22 35
34 21
25 18
19 4
34 4
43 41
7 38
27 11
30 42
6 21
20 33
32 4
32 39
33 19
46 8
37 13
40 25
27 25
11 18
26 18
40 27
17 26
41 15
31 36
19 38
15 48
19 24
6 45
40 30
22 5
46 2
46 10
17 9
9 34
10 18
3 40
6 36
26 48
34 6
23 30
40 41
46 9
39 29
45 38
14 19
13 46
29 31
38 23
43 28
14 5
44 2
18 12
41 23
46 32
16 29
48 9
20 37
33 12
16 3
14 44
8 9
32 35
42 13
42 12
10 39
15 42
13 27
28 26
22 39
4 10
44 18
36 22
40 17
48 4
21 32
13 40
20 21
22 47
21 15
45 12
39 40
4 46
30 44
6 23
7 34
23 8
9 41
31 39
30 14
9 43
32 12
43 37
42 24
33 38
22 46
39 42
2 11
14 33
1 34
10 34
46 27
28 32
7 18
15 45
22 41
43 42
10 40
11 36
20 43
9 4
39 43
26 42
28 44
13 41
47 7
48 40
5 10
14 3
45 13
27 4
21 14
47 17
17 6
10 25
2 31
44 36
31 8
39 9
27 10
8 22
38 17
21 13
5 29
27 36
17 34
44 21
7 33
43 45
30 18
31 34
31 42
19 25
20 47
47 38
17 27
39 12
26 45
40 37
3 35
24 29
31 13
11 47
42 9
31 7
31 17
25 8
27 22
14 47
17 29
7 45
20 6
16 8
31 23
21 46
18 33
26 39
48 16
19 22
31 14
9 40
13 20
32 17
9 2
7 44
34 37
30 41
13 26
14 2
31 45
44 8
45 20
28 3
40 19
31 26
40 22
37 41
36 48
44 15
22 18
24 4
35 7
44 34
11 40
31 35
34 29
29 27
23 26
10 14
40 21
16 37
46 24
22 37
7 29
24 2
17 42
19 21
1 29
14 29
19 13
23 16
45 16
6 26
23 17
23 4
25 1
10 38
9 1
4 33
48 8
34 43
37 28
25 42
24 12
7 19
34 24
16 20
44 4
32 5
25 30
44 37
19 29
8 18
1 4
29 12
7 12
30 7
47 48
5 47
25 41
37 12
34 30
19 15
41 31
5 42
5 31
4 17
15 7
43 18
7 36
28 18
19 37
3 46
27 6
43 17
16 42
43 32
4 15
31 12
47 34
31 30
11 3
13 29
45 30
15 47
16 13
6 15
48 44
17 37
13 1
41 7
29 44
2 16
45 29
27 20
38 29
47 40
41 44
8 13
3 44
41 48
44 45
10 44
36 25
44 1
2 29
6 40
19 31
26 29
5 11
29 28
32 42
30
761 870 886 876 782 818 881 890 812 800 783 811 810 913 826 803 861 858 898 833 897 875 793 835 786 779 759 887 860 901 