49 1054
26 1
9 2
36 3
47 4
36 5
33 6
49 7
32 8
6 9
47 10
37 11
37 12
25 13
7 14
32 15
33 16
30 17
34 18
4 19
38 20
47 21
34 22
6 23
39 24
30 25
46 26
38 27
39 28
37 29
37 30
25 31
38 32
49 33
38 34
38 35
38 36
37 38
4 39
43 40
29 41
45 42
37 43
34 44
1 45
18 46
49 47
46 48
37 49
25 14
17 34
46 2
7 4
31 22
1 38
17 49
4 25
7 44
14 1
9 45
13 1
17 3
29 24
8 14
8 49
5 31
5 41
34 2
15 17
34 37
36 7
25 38
14 32
33 32
48 32
25 45
30 12
24 23
6 32
19 14
25 18
26 9
20 31
14 6
2 27
21 16
8 3
13 43
5 49
30 10
41 2
10 12
35 42
13 37
6 22
28 40
23 18
29 47
19 28
39 37
16 28
32 26
35 45
40 24
15 5
14 42
34 3
17 9
35 11
35 5
4 11
7 47
8 34
19 44
41 48
44 39
34 9
26 41
19 29
41 16
12 22
13 16
23 42
3 5
6 34
48 22
46 19
45 8
21 17
21 25
31 21
39 40
32 46
16 12
7 34
12 38
29 32
20 37
25 28
20 19
47 41
32 18
35 30
13 21
40 7
38 48
38 10
7 24
3 7
33 22
27 45
32 20
11 47
38 49
45 16
41 17
26 43
11 43
18 3
22 1
7 43
8 31
48 29
4 43
26 11
9 32
8 23
5 26
35 32
31 26
44 33
25 23
16 14
15 23
7 41
29 2
47 40
32 28
42 12
13 6
18 24
35 27
25 32
1 6
13 7
34 32
33 45
1 8
34 28
8 2
27 47
20 30
6 15
43 46
27 4
7 38
20 5
45 20
46 35
6 46
39 16
10 33
18 41
5 24
24 3
45 18
19 41
29 30
8 24
15 48
31 46
20 1
22 45
34 45
20 48
11 9
33 24
23 1
43 31
40 41
22 13
2 11
7 48
14 48
35 22
22 30
17 27
1 2
35 28
2 36
11 42
47 23
33 26
15 38
16 3
32 12
42 25
49 32
8 37
6 18
18 33
7 23
1 49
29 34
38 17
36 47
49 6
31 11
16 43
42 26
23 45
5 28
18 21
45 5
39 12
23 17
8 41
4 33
6 20
5 16
29 20
21 33
11 6
42 29
17 47
11 27
17 4
40 35
9 36
4 36
18 22
23 5
26 14
10 20
49 13
45 40
33 5
40 13
2 4
18 28
48 8
10 26
31 42
16 23
19 38
25 16
6 17
13 27
34 41
41 3
21 15
34 15
40 31
14 34
3 2
9 29
39 18
25 11
6 3
16 1
33 37
11 30
29 18
33 47
24 36
49 23
1 41
35 13
44 29
12 41
19 47
44 25
20 46
41 28
48 3
46 33
4 13
2 31
8 9
4 42
9 19
1 42
46 24
10 14
15 30
36 37
36 39
10 7
10 48
26 23
19 49
19 25
49 36
1 37
16 46
31 4
11 12
44 40
43 44
1 39
28 7
35 14
2 5
27 40
39 27
3 4
19 1
33 9
38 2
16 15
24 28
18 42
33 19
22 14
9 47
10 37
18 5
38 16
36 45
4 44
7 37
27 41
43 28
6 2
34 21
14 11
35 36
30 31
15 49
4 12
47 14
22 47
45 14
38 30
12 20
34 25
18 49
25 24
8 47
25 22
46 14
3 10
29 13
18 37
21 45
11 19
44 48
13 46
26 20
5 37
11 46
2 45
30 13
15 29
19 32
8 17
36 1
26 3
47 32
42 33
14 44
14 37
25 12
28 23
14 2
34 47
11 7
23 46
41 24
29 6
27 23
49 4
27 37
22 26
47 26
15 42
36 27
47 31
5 12
19 27
1 17
34 35
34 4
49 3
1 18
17 48
21 6
22 20
19 17
8 18
27 32
8 30
5 19
21 37
9 49
5 47
26 19
6 26
22 36
31 27
22 43
34 1
2 42
14 30
6 41
19 2
39 7
47 20
3 44
6 27
38 13
1 44
9 35
22 8
35 8
31 49
28 8
33 13
33 12
49 43
22 39
7 32
46 25
25 47
9 46
4 16
28 13
41 11
12 18
13 34
27 33
34 30
22 11
1 27
23 29
25 33
39 25
43 10
16 37
9 4
41 45
46 12
3 46
1 3
24 37
6 4
11 5
49 34
17 35
35 3
9 22
28 48
9 20
38 31
11 49
21 26
35 2
39 47
10 31
27 14
17 40
47 42
32 16
19 24
22 46
45 19
11 8
15 40
10 42
45 43
36 42
17 29
35 26
25 37
48 16
15 26
29 27
38 11
38 22
34 42
33 17
33 29
6 36
22 37
22 27
17 25
14 31
24 16
28 38
13 19
13 31
49 10
20 15
47 28
29 36
39 19
23 39
1 29
38 41
20 34
48 39
14 24
13 47
34 48
5 34
38 39
47 37
11 32
44 5
2 40
7 17
38 45
30 2
3 15
27 20
34 19
26 38
2 18
14 5
46 5
6 28
43 18
49 28
11 21
15 45
2 22
29 4
32 43
28 26
16 31
30 16
21 49
12 13
44 27
45 4
41 10
24 6
39 20
17 37
10 8
31 15
39 5
48 33
27 30
41 39
22 19
40 25
28 20
45 30
31 36
42 9
7 33
27 34
5 4
9 25
20 41
7 46
11 24
43 36
45 32
1 12
19 37
16 11
2 26
32 10
22 5
3 42
5 1
20 4
16 49
21 27
35 48
3 11
15 46
31 33
24 47
19 42
4 37
28 2
9 16
3 32
30 21
9 24
38 43
23 11
32 39
30 49
38 18
9 39
18 14
46 42
35 29
10 13
28 33
29 28
48 42
48 37
39 17
17 44
9 31
35 18
23 19
6 5
19 43
43 48
46 28
12 36
7 31
5 10
45 39
10 34
44 12
41 4
42 17
18 26
24 26
38 14
8 38
22 10
47 3
1 40
15 44
10 21
7 20
18 47
15 35
28 3
44 46
42 5
30 47
25 20
15 22
47 12
28 36
21 20
20 13
41 42
23 43
30 42
40 23
35 33
31 23
49 25
33 2
46 30
13 42
23 3
13 11
12 17
6 30
39 35
28 9
5 43
48 4
2 23
23 21
5 25
9 40
39 2
36 14
7 26
33 36
24 30
14 3
7 27
8 40
8 21
30 26
40 3
31 17
7 15
1 15
33 14
12 26
41 32
42 24
40 48
40 29
10 6
21 48
12 45
10 23
44 30
9 1
1 24
7 8
41 37
14 23
19 3
23 30
9 15
43 9
5 17
14 28
45 28
2 24
40 33
22 32
31 39
19 8
1 43
29 38
1 33
38 24
30 4
23 33
38 4
22 21
20 23
13 44
43 30
4 1
35 49
20 33
8 13
15 47
25 8
11 44
16 40
4 46
27 5
3 39
20 40
19 6
42 7
30 40
31 37
48 45
26 36
10 35
49 46
36 30
36 41
21 2
33 41
14 49
44 23
18 13
38 33
6 37
25 48
5 29
39 21
41 23
27 42
13 17
20 17
26 49
40 37
12 24
40 10
21 24
43 39
35 1
29 45
12 2
23 37
13 15
5 13
15 33
24 44
17 28
42 39
45 47
12 31
33 8
5 48
16 29
3 43
38 5
34 11
10 19
38 47
8 4
4 26
3 13
18 31
21 38
12 23
42 43
26 8
44 16
39 14
46 38
48 13
3 37
41 15
21 46
15 37
27 48
33 11
19 48
44 47
23 38
24 10
15 24
15 43
10 36
2 17
15 11
9 44
24 34
25 2
9 30
9 37
27 24
30 1
2 47
41 13
42 38
30 28
28 37
16 8
45 31
45 10
12 6
39 29
43 2
48 47
1 46
12 43
24 45
21 4
43 14
25 7
44 21
48 49
43 17
44 22
36 17
8 36
11 1
29 49
38 44
39 10
14 21
6 40
42 32
32 24
9 14
15 28
18 7
35 43
26 37
32 17
43 41
41 35
3 29
22 16
21 35
21 12
24 35
30 7
43 6
42 44
35 20
14 15
45 7
39 11
15 12
44 2
14 17
38 3
44 6
22 49
49 45
48 1
32 4
10 27
21 32
30 19
2 20
35 23
35 37
8 20
35 47
26 39
36 11
21 19
40 34
18 48
43 33
48 6
24 13
21 43
3 9
7 1
2 32
29 8
46 17
40 11
42 40
15 18
17 18
42 8
8 27
2 10
14 13
27 28
24 4
16 36
49 24
20 42
1 25
43 8
31 32
42 16
48 31
44 37
26 13
19 12
20 24
3 33
1 47
16 7
28 12
11 45
6 42
43 20
31 41
36 40
12 27
29 31
16 35
46 10
12 40
8 39
47 16
22 28
35 44
12 49
9 23
7 5
10 1
36 34
41 44
24 48
21 7
49 41
47 46
36 48
39 15
25 6
40 4
6 35
35 31
20 44
36 23
46 40
30 39
22 24
28 44
4 23
34 16
32 36
21 5
40 19
6 39
36 20
48 9
36 25
6 16
19 36
35 19
9 13
12 3
19 7
49 40
25 10
23 13
29 43
8 5
34 31
25 41
46 29
44 45
28 42
41 21
9 10
17 11
29 26
21 29
9 18
10 15
26 17
16 17
21 40
40 5
8 6
27 9
2 13
4 18
21 1
27 25
7 22
27 26
27 49
5 32
47 6
36 46
9 5
32 13
14 29
26 44
16 2
41 46
26 40
3 25
38 40
16 27
7 2
49 2
29 25
40 18
35 25
95
586 496 763 788 271 476 564 782 810 1030 906 773 1000 242 927 797 553 346 466 641 905 364 603 457 915 883 625 957 822 259 536 440 229 890 896 824 897 218 516 635 843 605 380 809 802 652 629 490 382 543 352 567 908 213 612 423 386 200 808 216 792 404 455 867 608 428 724 296 755 996 937 343 467 503 453 329 1037 874 746 919 681 758 620 304 535 577 701 606 325 962 359 279 269 982 405 