568 2602
501 1
193 2
433 3
501 4
440 5
558 6
163 7
346 8
433 10
91 11
488 12
514 13
210 14
504 15
9 16
344 17
519 18
469 19
424 20
46 21
561 22
146 23
124 24
458 25
352 26
445 27
352 28
500 29
185 30
201 31
10 32
537 33
483 34
196 35
502 36
420 37
359 38
220 39
440 40
15 41
430 42
277 43
150 44
483 45
547 46
415 47
102 48
150 49
304 50
482 51
546 52
520 53
414 54
489 55
166 56
150 57
530 58
7 59
279 60
534 61
195 62
479 63
550 64
324 65
31 66
249 67
31 68
54 69
377 70
94 71
156 72
257 73
419 74
51 75
224 76
90 77
226 78
459 79
104 80
324 81
304 82
415 83
124 84
29 85
364 86
427 87
400 88
166 89
215 90
464 91
61 92
370 93
560 94
344 95
484 96
513 97
286 98
333 99
3 100
440 101
390 102
433 103
15 104
212 105
480 106
304 107
91 108
127 109
458 110
464 111
164 112
15 113
547 114
262 115
503 116
16 117
235 118
56 119
278 120
468 121
41 122
249 123
534 124
171 125
15 126
131 127
29 128
83 129
445 130
289 131
297 132
336 133
195 134
496 135
460 136
278 137
366 138
283 139
501 140
112 141
509 142
105 143
509 144
517 145
90 146
145 147
344 148
440 149
9 150
68 151
262 152
560 153
522 154
558 155
210 156
541 157
440 158
304 159
79 160
228 161
433 162
73 163
348 164
447 165
288 166
484 167
395 168
464 169
547 170
452 171
383 172
496 173
410 174
111 175
546 176
470 177
251 178
127 179
454 180
327 181
433 182
436 183
478 184
9 185
410 186
112 187
482 188
158 189
135 190
508 191
415 192
459 193
493 194
504 195
399 196
362 197
362 198
91 199
183 200
459 201
50 202
333 203
258 204
550 205
10 206
246 207
11 208
517 209
185 210
163 211
162 212
539 213
212 214
283 215
233 216
309 217
182 218
378 219
16 220
410 221
464 222
558 223
251 224
554 225
189 226
33 227
124 228
12 229
179 230
544 231
566 232
289 233
20 234
233 235
396 236
83 237
372 238
131 239
373 240
137 241
482 242
466 243
555 244
79 245
166 246
457 247
15 248
558 249
423 250
547 251
286 252
117 253
31 254
45 255
36 256
460 257
415 258
84 259
283 260
98 261
150 262
373 263
119 264
192 265
26 266
55 267
184 268
11 269
109 270
80 271
505 272
9 273
414 274
152 275
324 276
304 277
478 278
29 279
228 280
169 281
527 282
201 283
353 284
284 285
348 286
126 287
15 288
410 289
410 290
26 291
73 292
516 293
433 294
36 295
254 296
482 297
420 298
158 299
233 300
222 301
29 302
418 303
9 304
430 305
534 306
91 307
451 308
188 309
202 310
254 311
481 312
347 313
83 314
405 315
567 316
25 317
191 318
324 319
431 320
364 321
249 322
373 323
527 324
527 325
555 326
173 327
195 328
336 329
428 330
149 331
440 332
149 333
199 334
222 335
257 336
502 337
249 338
37 339
467 340
136 341
501 342
216 343
215 344
296 345
224 346
457 347
459 348
98 349
240 350
129 351
9 352
44 353
105 354
118 355
246 356
56 357
491 358
98 359
16 360
420 361
496 362
314 363
16 364
161 365
356 366
265 367
15 368
3 369
98 370
417 371
2 372
11 373
467 374
155 375
29 376
282 377
56 378
456 379
320 380
214 381
45 382
540 383
260 384
553 385
150 386
31 387
395 388
303 389
500 390
276 391
52 392
308 393
406 394
189 395
343 396
325 397
327 398
220 399
305 400
16 401
352 402
481 403
277 404
387 405
164 406
251 407
476 408
377 409
220 410
359 411
50 412
257 413
332 414
16 415
387 416
25 417
500 418
52 419
249 420
387 421
353 422
95 423
386 424
237 425
170 426
166 427
465 428
456 429
150 430
534 431
415 432
459 433
31 434
378 435
201 436
94 437
467 438
32 439
9 440
429 441
527 442
185 443
199 444
50 445
141 446
537 447
289 448
49 449
345 450
387 451
469 452
534 453
149 454
130 455
508 456
246 457
420 458
541 459
459 460
289 461
278 462
75 463
182 464
124 465
174 466
220 467
436 468
523 469
324 470
357 471
256 472
304 473
212 474
117 475
477 476
325 477
508 478
56 479
403 480
306 481
68 482
442 483
105 484
108 485
346 486
444 487
405 488
481 489
16 490
418 491
563 492
472 493
60 494
279 495
440 496
130 497
329 498
62 499
201 500
56 501
290 502
166 503
9 504
348 505
458 506
440 507
540 508
201 509
192 510
100 511
352 512
486 513
540 514
265 515
540 516
420 517
195 518
78 519
401 520
216 521
36 522
9 523
344 524
256 525
517 526
541 527
419 528
104 529
308 530
337 531
529 532
136 533
352 534
137 535
255 536
131 537
193 538
56 539
9 540
534 541
251 542
278 543
460 544
400 545
558 546
558 547
6 548
4 549
240 550
378 551
356 552
428 553
442 554
459 555
199 556
290 557
262 558
17 559
174 560
343 561
216 562
356 563
218 564
200 565
247 566
409 567
165 568
137 354
200 355
106 382
278 250
148 237
546 182
6 187
320 129
63 58
320 490
484 478
224 348
87 526
107 142
115 216
487 440
228 169
565 68
451 297
33 392
399 335
297 487
287 510
314 566
164 275
213 554
548 202
361 107
289 156
170 269
288 455
312 260
124 42
322 337
427 388
561 213
537 408
361 568
440 46
170 15
273 193
549 312
116 16
154 179
388 484
150 31
46 61
265 333
103 337
301 405
301 466
323 316
342 475
48 311
381 455
205 510
523 46
44 103
393 500
230 38
460 151
321 375
266 310
479 328
568 1
530 197
190 449
243 473
218 388
258 37
329 532
519 505
452 22
175 109
271 362
42 354
285 460
89 41
87 205
398 239
483 350
139 365
49 515
564 376
73 144
369 481
288 251
307 283
298 509
400 307
1 486
138 97
507 284
433 491
186 32
193 88
84 381
478 464
83 53
60 349
519 298
403 357
335 390
199 495
383 240
557 536
108 60
162 57
554 101
334 567
278 1
133 470
231 473
486 427
351 556
525 533
104 487
427 262
194 419
349 524
97 90
250 510
275 375
509 229
158 450
179 186
232 61
270 86
361 263
64 401
266 242
436 474
185 362
46 280
468 204
386 507
11 32
385 186
170 101
521 282
116 48
524 319
403 521
480 538
500 242
495 519
336 260
308 402
20 255
446 134
122 214
18 281
256 37
456 127
198 545
368 514
150 434
373 163
388 423
429 158
527 89
380 542
219 424
246 243
81 37
319 437
72 115
14 214
186 187
219 190
7 450
561 485
267 546
527 68
446 42
176 216
380 83
282 308
547 192
300 393
330 544
48 309
186 60
320 318
540 135
180 489
1 79
10 100
57 207
567 308
275 382
385 411
155 16
263 265
481 110
528 518
374 188
464 194
410 488
353 561
417 354
542 478
100 268
443 451
315 439
224 186
288 279
324 556
39 436
350 11
393 527
239 413
64 197
484 512
397 475
255 212
493 334
356 50
170 21
417 55
461 38
399 324
385 225
470 70
316 253
229 45
71 277
198 331
396 535
247 306
38 537
261 458
276 120
331 127
264 462
185 147
440 461
76 200
17 397
126 197
237 162
86 278
567 283
142 549
214 558
515 246
239 312
75 331
263 498
450 547
565 524
491 239
38 32
315 73
58 502
330 313
100 192
283 341
136 385
139 324
500 206
62 367
49 185
36 180
275 30
339 433
531 469
342 417
342 123
91 558
230 100
171 300
238 433
506 510
83 233
46 463
230 568
380 190
62 497
246 111
363 385
488 186
453 450
18 91
43 296
192 565
415 68
197 331
150 466
151 365
542 297
3 107
8 390
409 329
188 325
242 79
220 550
254 516
377 424
514 407
537 52
382 209
99 281
77 498
73 135
325 14
243 474
111 76
229 157
304 139
238 456
6 105
321 184
438 298
137 42
90 345
502 108
425 414
500 471
30 52
322 364
202 142
200 266
268 61
113 361
527 312
56 439
365 401
167 445
287 304
27 501
406 102
155 106
324 520
63 467
284 342
414 549
448 375
199 84
224 507
89 294
16 69
414 197
403 402
146 143
164 322
546 300
243 266
7 499
356 180
553 400
531 196
136 246
524 7
398 277
111 482
473 264
432 236
276 71
12 497
61 60
520 77
505 307
244 385
444 162
29 196
501 59
496 81
69 147
129 185
104 40
499 237
332 195
555 531
414 463
421 474
469 198
304 323
230 63
229 222
470 253
122 190
558 519
54 82
488 343
45 513
32 250
98 409
358 187
204 292
232 324
489 296
477 482
344 154
140 379
475 406
330 151
329 29
98 536
345 491
166 184
98 3
20 14
480 314
205 260
72 109
55 23
157 232
17 324
363 237
462 308
433 4
443 124
260 77
75 91
334 31
123 328
501 180
439 552
535 459
514 313
491 409
389 62
219 318
247 376
367 240
18 325
275 430
326 223
432 298
511 67
47 179
138 189
233 86
333 445
317 225
27 408
89 253
287 325
417 341
136 105
526 79
427 442
413 21
279 261
88 328
337 285
482 187
415 409
52 135
274 192
285 288
140 83
278 227
145 183
99 98
43 357
525 54
229 368
388 480
177 355
34 68
381 76
35 306
551 369
520 498
513 541
283 43
561 191
421 73
31 128
35 49
329 119
47 26
508 146
75 41
256 443
552 464
526 253
308 301
206 473
74 347
448 145
252 471
148 232
331 161
262 565
119 213
513 50
98 277
388 45
430 485
145 378
367 122
370 403
491 568
367 285
166 318
482 248
347 128
212 483
428 305
424 57
114 443
245 468
352 157
57 236
418 527
448 36
387 245
100 170
500 238
110 553
336 552
411 229
356 153
531 474
140 308
2 104
72 559
121 207
430 77
319 252
90 324
552 493
528 541
328 127
521 532
521 265
523 371
87 132
107 535
149 73
47 78
209 415
22 396
434 160
400 513
138 423
466 472
166 473
521 502
362 93
280 429
257 152
453 237
258 137
69 526
391 454
80 188
271 178
295 247
363 396
378 429
38 12
62 439
77 188
43 245
414 336
260 551
148 52
128 305
200 449
341 49
188 388
204 120
330 531
279 283
177 165
207 414
135 484
355 372
522 169
26 28
432 141
89 411
238 520
320 323
445 272
527 389
161 23
199 304
84 472
323 245
344 128
308 326
409 334
388 315
64 350
458 473
468 64
348 152
226 207
563 79
270 489
440 278
234 194
220 279
75 77
317 305
451 496
253 403
152 355
229 162
532 221
6 39
62 467
520 272
269 542
131 121
149 160
299 383
154 242
377 249
377 405
260 171
62 539
24 225
314 459
209 340
252 458
346 532
249 112
347 122
21 30
367 289
100 405
326 92
560 314
268 380
289 374
478 252
314 409
77 179
504 267
20 157
542 350
4 407
30 341
320 73
271 227
481 106
22 78
294 327
513 423
567 62
415 82
426 205
488 165
137 272
448 303
11 175
349 252
279 269
428 292
473 6
151 9
127 362
365 9
473 153
148 271
111 47
15 469
260 446
202 448
464 50
466 456
236 333
210 307
423 320
568 365
421 178
158 293
358 504
124 447
181 49
410 185
391 117
259 245
499 402
438 538
513 90
126 351
195 172
33 318
400 197
494 440
559 155
535 418
377 366
86 156
143 347
196 234
346 454
421 345
162 420
367 351
526 67
160 143
426 262
551 336
487 56
163 386
252 356
169 348
170 479
161 68
453 363
239 412
454 144
527 61
149 433
89 75
252 465
501 373
119 320
88 135
448 318
332 294
367 490
493 463
566 359
344 404
74 412
173 102
246 110
385 117
57 34
191 528
135 108
237 565
487 430
270 305
339 32
252 192
274 23
176 530
543 183
386 27
166 350
164 460
79 71
520 67
58 268
499 512
409 370
560 432
239 191
350 349
287 507
409 47
134 116
553 122
10 467
346 542
79 431
402 504
139 553
46 438
485 555
169 106
181 299
367 552
285 175
433 533
218 530
212 16
124 113
487 536
561 273
251 531
493 32
459 231
138 201
287 251
387 497
357 145
508 502
57 144
124 499
105 191
315 165
263 369
521 32
70 429
321 142
393 282
170 264
420 54
83 255
428 527
314 397
399 66
335 217
110 406
39 46
138 78
380 222
43 321
462 454
227 488
538 431
328 211
112 345
273 560
467 499
64 513
194 547
198 377
139 470
340 227
335 245
29 158
537 61
41 145
456 513
515 566
422 135
268 547
539 379
221 443
178 75
239 160
451 398
138 245
202 164
23 512
192 194
121 354
528 178
217 276
375 423
289 209
244 162
32 202
304 52
100 362
383 449
206 414
383 528
51 110
41 473
447 541
368 168
244 186
31 508
87 307
198 353
209 136
433 258
26 198
181 196
490 311
387 499
99 59
431 540
291 53
498 285
238 227
331 12
48 259
388 547
343 7
184 493
295 29
531 80
295 270
538 479
176 17
338 554
190 235
44 476
31 28
301 481
225 353
244 418
520 162
109 351
549 376
227 295
530 37
386 31
401 447
273 125
557 34
438 551
280 169
332 557
155 209
96 328
396 474
537 501
122 323
366 450
468 401
313 468
567 476
233 291
206 70
357 282
20 136
388 414
85 506
74 515
122 55
389 198
323 403
118 418
175 2
114 298
287 31
176 352
313 525
109 424
81 549
355 140
409 365
208 500
88 57
275 137
201 153
393 135
490 183
206 317
517 227
111 90
540 85
299 214
189 142
98 530
325 483
518 125
121 527
206 27
567 555
530 244
147 45
168 567
566 499
260 537
264 258
479 198
382 223
255 395
295 89
100 517
328 185
106 65
551 528
122 457
221 75
99 504
29 229
558 474
89 562
271 507
235 115
95 315
305 498
310 490
370 147
422 469
117 134
59 37
392 333
399 529
118 302
402 280
258 566
422 93
40 368
80 423
115 1
227 299
457 305
478 496
458 513
230 23
359 435
486 69
480 442
290 143
118 103
500 457
559 269
469 67
567 194
373 408
148 74
502 292
26 73
562 41
372 277
92 126
102 381
426 163
151 79
481 314
403 55
255 444
527 55
51 115
497 515
488 24
469 544
16 389
7 232
428 356
378 46
231 50
143 400
283 460
362 542
211 108
414 357
215 160
376 128
262 55
496 427
350 25
420 189
359 378
280 307
93 338
96 107
396 172
334 339
238 217
390 486
64 312
342 344
27 421
259 23
37 427
551 342
560 511
551 230
51 491
241 211
132 507
170 265
343 351
293 378
480 485
280 157
220 539
433 323
277 358
302 505
325 210
329 278
514 247
26 440
384 492
14 111
476 218
286 69
60 296
354 536
548 318
532 350
467 64
226 356
28 121
491 43
96 217
82 295
537 405
64 117
298 194
316 97
50 117
438 201
455 177
57 98
31 142
438 461
41 267
333 549
482 241
295 423
548 59
479 478
97 397
238 459
133 416
102 558
473 175
518 563
436 305
484 331
92 131
2 446
506 145
295 202
323 25
269 275
331 53
330 111
205 171
328 564
181 450
304 521
158 475
460 358
63 282
17 256
456 143
107 261
378 85
74 208
373 343
499 322
491 122
514 286
537 339
546 206
142 413
407 223
196 134
242 382
252 264
452 341
430 103
190 503
293 172
397 235
313 317
11 160
230 262
312 14
258 88
56 420
301 156
152 469
141 503
151 447
215 342
51 448
39 158
488 465
513 551
197 528
370 513
194 526
521 356
92 72
469 386
148 20
336 195
493 290
65 349
484 180
136 198
114 4
74 264
429 312
492 415
229 204
548 98
146 453
74 555
346 477
422 125
8 456
156 121
200 522
554 61
143 211
282 186
16 72
314 216
409 246
449 544
292 101
28 157
393 256
351 160
433 101
319 495
445 125
515 138
365 177
227 154
532 382
105 397
81 247
60 58
16 31
4 397
151 31
375 112
245 194
338 535
140 338
427 334
503 86
363 185
415 107
497 471
160 20
290 324
272 295
444 546
111 101
113 268
414 9
546 118
49 119
537 268
208 81
376 221
75 455
223 187
42 508
520 442
429 334
312 123
193 371
222 381
96 262
173 262
351 94
158 411
224 52
55 474
32 70
568 56
19 157
436 228
243 239
16 146
463 406
417 558
446 421
241 102
267 234
124 91
450 259
392 396
104 389
233 101
248 147
149 139
469 199
334 362
361 488
445 244
443 416
276 382
63 8
260 32
344 498
325 8
161 115
516 228
161 427
238 50
204 162
563 502
102 73
238 160
58 26
369 526
505 261
149 389
478 377
318 80
405 131
94 5
368 255
396 542
324 41
335 538
275 281
147 166
536 500
108 218
158 351
60 267
449 185
63 268
564 515
51 32
89 310
550 391
192 153
472 435
543 454
399 165
167 184
288 529
407 131
307 539
513 264
544 444
363 108
110 413
440 548
173 86
285 36
336 87
542 453
330 549
486 153
157 80
354 375
144 210
147 256
143 79
306 93
271 99
327 536
392 495
568 417
132 424
230 240
180 388
452 473
233 257
337 209
39 204
412 195
222 539
199 8
322 168
325 193
307 58
373 170
463 273
336 60
394 470
223 319
168 53
493 259
185 24
299 369
379 121
243 387
358 275
357 204
48 509
293 125
440 389
352 493
190 508
4 317
370 181
216 541
509 350
542 364
506 541
27 554
434 297
235 78
543 121
459 205
494 469
365 192
3 111
105 224
398 501
326 529
172 359
496 120
489 335
35 282
280 241
13 251
213 553
298 208
553 476
225 505
333 292
292 134
18 123
509 189
309 515
243 566
456 247
172 531
515 2
180 359
66 162
484 305
152 376
198 149
225 383
357 231
109 439
409 461
32 381
63 33
54 449
200 271
308 131
384 297
545 26
470 437
92 483
260 135
551 202
68 344
305 368
474 347
330 130
81 192
231 497
189 175
437 507
416 50
18 38
351 60
477 233
178 288
16 82
111 267
215 391
46 122
118 312
257 288
207 98
212 60
306 491
479 210
367 68
384 528
224 12
196 23
175 413
374 157
507 518
524 436
84 361
315 514
436 550
416 96
35 80
378 90
278 471
411 258
15 145
468 328
511 221
448 522
536 182
497 220
384 552
303 133
535 530
55 166
1 320
232 255
95 139
313 407
280 351
429 159
422 514
265 52
83 124
100 488
65 455
557 164
72 308
371 239
269 143
196 161
98 273
486 216
537 341
452 166
359 401
161 400
117 157
125 124
166 316
374 504
521 95
260 318
115 526
177 441
23 54
58 427
146 283
315 52
267 387
273 137
223 348
57 406
131 275
294 305
394 162
8 69
495 205
487 247
308 2
118 217
72 58
557 297
128 488
535 77
548 149
379 69
314 470
165 428
424 299
316 21
506 492
103 454
188 378
24 147
490 359
194 482
411 315
87 503
283 484
258 188
151 505
228 438
324 195
122 54
128 400
187 338
338 246
447 440
526 321
346 110
240 233
128 417
450 410
555 233
145 433
88 477
241 208
376 504
416 551
322 503
336 376
69 21
302 260
148 542
64 526
330 36
252 4
164 105
507 478
166 130
164 197
285 420
13 233
4 327
468 54
147 331
403 436
369 146
42 298
90 564
238 407
451 337
264 68
306 263
17 521
275 416
515 9
93 174
343 342
228 54
378 5
439 287
381 339
65 157
497 557
21 311
21 54
490 473
281 230
230 350
128 256
479 461
340 383
332 519
283 292
459 403
486 54
403 542
435 39
481 130
400 31
153 154
296 456
434 135
227 309
540 450
509 183
301 135
424 285
390 210
389 455
149 496
342 143
492 421
191 301
382 197
115 126
562 97
251 440
88 369
537 533
232 568
554 88
411 65
472 459
34 130
479 299
133 51
365 31
16 409
388 250
70 261
268 233
235 67
287 153
209 186
86 155
486 83
297 437
495 111
428 414
413 554
309 86
102 118
489 304
231 302
222 93
285 216
203 389
75 341
228 356
373 176
362 8
538 272
335 139
41 380
199 417
323 522
114 254
238 157
510 557
121 457
89 361
459 195
260 74
183 41
178 471
258 291
80 258
340 501
520 516
364 51
205 149
22 528
299 104
456 258
307 189
440 324
381 130
105 363
179 196
462 396
211 248
60 37
479 558
510 109
174 384
99 104
20 237
563 214
50 483
431 112
1 71
472 296
287 466
367 253
20 554
548 496
566 505
243 142
192 399
392 129
433 415
515 373
153 392
174 429
342 210
252 223
469 419
244 539
45 525
442 19
68 54
543 247
13 380
439 104
89 195
112 462
298 476
418 81
319 235
146 368
241 269
256 434
13 404
281 463
474 393
327 137
506 493
155 508
373 508
157 247
208 270
122 151
285 179
253 63
180 371
152 509
359 471
353 100
388 495
402 449
291 121
288 76
287 267
53 341
122 133
113 144
320 22
436 311
126 9
158 139
419 475
359 351
548 364
114 385
518 216
340 525
340 433
19 351
513 443
457 397
151 244
416 391
470 405
111 260
90 330
137 233
537 193
531 305
39 293
480 563
441 390
410 359
411 546
361 443
444 135
324 504
553 360
288 287
144 406
322 329
362 184
156 533
236 203
297 267
126 354
515 567
1 460
269 169
125 288
306 68
336 266
110 281
538 63
412 415
158 401
335 25
403 431
36 221
377 268
460 516
222 427
536 483
240 116
549 437
173 157
135 42
502 112
33 321
546 125
362 157
358 132
419 543
83 457
325 448
312 332
552 240
494 323
367 168
435 519
159 208
37 104
277 78
480 62
559 373
203 181
18 78
331 109
309 434
450 114
431 501
537 122
2 200
346 369
486 400
238 519
283 508
290 132
316 519
235 377
138 292
258 133
86 516
259 472
558 198
199 167
537 540
42 173
246 485
567 195
69 381
503 388
129 382
376 255
45 64
426 113
340 420
493 158
461 177
510 20
35 297
560 356
370 324
127 286
565 63
168 17
253 40
293 404
148 568
85 203
392 213
439 121
190 151
464 301
477 376
561 365
31 442
293 450
140 200
251 175
393 301
253 386
72 167
259 173
239 289
431 372
91 476
299 200
102 113
263 247
550 445
170 74
456 403
439 454
83 242
141 561
82 492
168 448
224 568
304 481
333 200
369 371
471 520
232 428
292 429
8 454
180 384
57 495
267 54
146 483
500 93
462 472
209 485
370 366
206 104
134 449
502 312
90 540
350 43
272 164
39 454
109 123
520 382
243 191
481 173
473 565
271 406
469 57
328 221
539 130
94 268
22 383
56 284
155 381
18 180
294 282
37 537
566 449
466 187
435 178
239 103
224 117
356 6
227 403
143 41
338 89
323 543
136 42
495 493
148 312
395 81
226 111
190 35
259 270
386 385
264 163
289 365
140 169
529 5
415 472
443 382
462 266
56 534
197 445
308 74
254 159
238 553
29 249
176 215
375 557
277 317
307 428
153 438
123 334
196 277
167 297
29 336
396 60
11 285
532 215
375 455
39 121
501 149
560 525
113 87
519 366
217 254
523 151
197 494
214 372
320 429
338 328
233 558
285 444
137 167
521 218
419 172
212 381
209 445
491 427
273 14
513 161
406 329
358 89
371 113
227 410
434 237
273 476
355 456
145 303
568 337
310 103
357 220
222 262
205 84
512 230
207 163
24 505
400 175
222 39
161 459
228 275
233 431
254 283
382 541
395 98
141 226
362 323
169 420
184 540
488 214
29 477
496 485
55 203
33 38
327 126
220 143
271 243
377 14
308 558
335 154
465 177
3 508
113 257
412 537
262 523
253 223
465
1175 1152 846 412 825 1161 409 1081 1613 1556 1688 1710 487 637 728 1270 1135 1477 1413 1593 1518 1693 374 884 1260 1767 1206 975 1576 1275 1879 1134 723 1552 679 1618 606 1327 1758 1717 1583 1303 414 1358 433 1456 810 1381 1153 1469 392 1027 1742 998 887 778 494 1859 731 1395 896 1548 878 457 1090 1749 1562 605 1907 387 1166 1046 569 1010 1928 1950 1074 511 1263 1744 520 796 816 375 1137 1644 1106 813 1522 1871 1310 556 661 1306 736 595 580 1507 529 922 1723 1011 1781 431 853 695 1229 1530 1485 1207 1436 1483 1280 462 582 1132 566 1602 1826 1667 1291 419 809 753 1811 1265 1898 1391 1791 1096 1208 1554 1192 500 1443 1494 353 1343 583 1345 957 1464 1426 1376 937 1834 435 1307 532 518 906 1212 1698 1116 1331 944 1052 694 429 590 1712 1695 1658 346 1547 475 406 1696 1564 1684 1339 1575 777 781 1957 1751 1440 631 1523 1298 1063 1356 1403 1866 779 1048 647 1105 914 1939 1267 791 1269 839 1037 689 486 1511 892 742 1664 1743 1472 867 1321 490 1840 380 1401 418 1792 1141 1725 860 1877 1478 1080 740 509 1287 638 1768 455 1858 477 399 916 1786 1334 470 1929 709 480 551 1332 1542 1760 1800 1807 763 1281 1656 1007 1660 1319 1018 1763 1846 504 814 1453 1113 452 913 1213 1040 1077 938 415 1778 1475 1796 427 1230 774 651 891 868 1297 988 1102 933 1802 424 1201 586 908 1612 918 524 579 437 1285 1374 602 1107 958 815 996 1089 1875 1571 691 1809 875 1430 1352 1911 967 615 1555 1662 924 1432 1495 1580 1237 1908 1893 790 797 1517 1954 1567 705 1572 1634 1455 1895 1845 614 963 646 1713 1002 441 1766 1949 1266 1199 738 1595 1130 806 1596 1649 949 1028 1708 1709 1387 658 1621 644 481 554 1484 764 670 1393 1704 665 1095 1872 982 342 1474 408 877 391 1459 1139 983 921 343 1506 1176 1032 1701 960 1043 965 1632 1441 1055 717 1144 1111 669 1798 1112 1873 1609 985 656 1273 1836 1476 1831 1815 1162 560 1014 1910 1882 917 1694 947 801 612 434 1350 770 1317 1541 585 750 1925 1491 621 1454 808 1850 552 1302 1288 1305 1927 883 1312 1150 451 601 1373 1915 1805 1960 1126 1155 1061 1516 927 1262 1887 685 862 1083 842 858 969 1906 365 1503 425 1335 1615 357 844 1878 360 570 977 1017 1148 472 1942 1383 817 1211 1412 1625 1594 1719 1659 1209 
