233 232
230 1
180 2
26 3
111 4
213 5
165 6
226 7
66 8
226 9
226 10
171 11
123 12
206 13
69 14
129 15
91 16
25 17
142 18
5 19
175 20
60 21
158 22
71 23
32 24
37 25
97 26
141 27
175 28
81 29
198 30
135 31
140 32
106 33
58 34
105 35
7 36
149 37
232 38
188 39
114 40
140 41
183 42
129 43
86 44
66 45
174 46
14 47
89 48
33 49
140 50
34 51
87 52
217 53
121 54
132 55
210 56
121 57
208 58
170 59
54 60
150 61
190 62
199 63
105 64
37 65
189 66
10 67
52 68
199 69
3 70
114 71
83 72
147 73
28 74
123 75
69 76
212 77
32 78
12 79
77 80
35 81
57 82
32 83
34 84
140 85
175 86
140 87
208 88
198 89
140 90
106 91
122 92
133 93
175 94
59 95
213 96
41 97
147 98
231 99
55 100
175 101
113 102
212 103
86 104
181 105
41 106
154 107
151 108
59 109
129 110
226 111
37 112
57 113
191 114
156 115
149 116
171 117
117 118
136 119
91 120
41 121
87 122
33 123
16 124
206 125
2 126
78 127
73 128
181 129
7 130
171 131
125 132
168 133
203 134
222 135
97 136
144 137
141 138
50 139
136 141
188 142
105 143
171 144
44 145
11 146
199 147
133 148
87 149
227 150
230 151
41 152
142 153
96 154
34 155
79 156
98 157
199 158
68 159
26 160
73 161
68 162
9 163
175 164
90 165
36 166
91 167
97 168
117 169
5 170
41 171
59 172
171 173
181 174
140 175
7 176
172 177
6 178
11 179
79 180
164 181
179 182
226 183
2 184
219 185
172 186
208 187
111 188
175 189
191 190
94 191
36 192
216 193
99 194
145 195
129 196
215 197
208 198
59 199
78 200
121 201
162 202
192 203
36 204
130 205
50 206
15 207
32 208
157 209
52 210
76 211
89 212
226 213
16 214
139 215
57 216
159 217
96 218
233 219
70 220
44 221
189 222
157 223
96 224
175 225
140 226
50 227
213 228
216 229
129 230
87 231
31 232
54 233
47
62 101 30 14 153 177 169 41 159 158 72 46 60 150 129 65 52 18 22 20 142 74 138 137 78 168 108 45 39 115 86 125 23 116 100 99 90 173 17 156 182 54 27 140 35 76 31 
