1000
1327
1497
1523
1422
1078
1495
835
675
1075
953
706
998
820
941
1359
981
1267
1519
1271
796
1467
1022
1216
1405
905
1181
612
685
670
1163
1178
1365
1063
1327
838
842
1279
891
799
1043
1423
1300
1258
937
1328
700
1416
1398
633
808
1115
1218
1120
1276
638
697
708
1245
666
913
599
1283
1148
1383
722
801
986
1055
903
1190
700
1280
937
1476
1030
1146
1351
935
692
747
643
1459
974
924
953
1318
1322
1518
981
935
1288
1426
1128
1296
1519
1459
1083
867
1326
846
1232
1523
1209
1319
688
621
1206
1084
1230
629
889
754
682
688
999
1097
1308
1122
897
1437
1052
1254
875
1068
1523
1521
791
1046
1463
1154
755
1278
854
1238
720
797
906
1232
1462
1452
845
1305
1197
853
1411
667
1357
1201
1137
1155
728
811
793
821
950
868
1494
809
755
810
1247
1371
667
1017
1411
1238
1246
688
1319
707
822
1409
1019
1380
1436
1065
769
1294
1130
885
1515
1042
1345
736
637
1174
589
963
819
702
1488
746
1486
1075
980
753
1334
793
1285
1204
883
1190
668
1214
1150
1315
635
1121
1355
1191
653
1426
707
1338
647
1068
1308
1361
1319
664
973
793
1468
654
839
1488
1168
1121
1026
1267
1364
1203
1437
925
782
596
646
1145
1496
836
979
732
668
1363
1330
968
1178
631
756
1375
1428
771
888
1440
674
863
1515
1025
1053
1253
1360
875
937
1200
1282
829
1254
648
1232
868
636
1488
1128
688
732
1089
1328
818
1268
1354
1512
826
639
1084
1484
1397
1298
1139
1309
1434
1063
660
1376
1341
658
633
679
1099
1309
1346
1215
1320
1293
1514
1379
1049
893
1131
1299
1305
1455
940
1068
674
1476
843
1065
1498
1078
913
917
791
735
1502
1073
908
1184
724
778
627
1288
1097
1130
654
1371
657
963
1062
1200
1068
1125
1319
1330
998
1060
1190
1478
726
1051
1188
1106
773
705
793
1297
1046
585
806
1018
617
716
1451
1497
721
611
1050
1202
720
1499
1381
1131
790
1453
1345
1234
1107
966
616
926
922
925
1106
1030
1244
1281
848
1140
964
1182
1505
1391
1058
1459
1515
1321
1520
1097
658
1133
750
858
1372
1362
1196
821
1140
1435
837
842
602
1027
1248
1368
1360
898
690
1443
1197
900
729
614
1292
657
1405
868
1373
1185
950
1261
846
619
821
734
1411
848
1332
753
712
990
849
1003
633
1442
1211
1259
958
846
1203
952
1114
818
873
1135
798
912
824
1333
777
1424
1292
829
877
1450
605
626
1350
1453
1281
894
713
1326
627
1348
1499
708
1042
596
617
790
943
1008
1083
793
976
775
1078
699
782
591
1392
643
1111
1378
1330
867
1027
1474
1435
844
1114
1020
719
643
1231
1269
1123
771
1220
841
1012
1057
916
1281
790
1033
1123
1222
1207
1077
787
968
1205
747
1367
835
991
1145
968
762
1216
1303
1105
1024
883
1256
782
1040
1229
1493
1473
1141
1115
1094
775
1447
1176
1233
1030
840
1481
1406
1209
1249
1054
1017
1375
1245
593
1292
727
1009
755
904
896
1175
1362
1363
712
643
1456
1057
810
1041
1386
617
1436
871
1254
621
791
665
622
1449
593
1432
1056
1172
779
608
792
721
724
698
585
881
1323
1204
630
1196
1023
895
1085
825
893
732
800
1335
1012
882
635
644
1134
1128
656
1188
1255
655
861
1281
726
728
717
1131
805
584
939
1394
666
1165
1225
595
603
1477
753
948
830
1062
843
768
630
802
755
1486
1403
1317
700
963
1113
1173
1150
653
1517
1307
1400
1362
1272
1386
836
1106
643
887
1190
1488
1423
981
761
1300
816
1143
947
667
779
1251
949
591
1093
690
774
1157
1292
1142
1027
677
954
800
929
1168
704
1038
873
1328
946
1027
744
946
1090
602
1328
667
634
858
1090
1228
1483
1266
1086
1258
968
979
684
650
1120
608
1510
1391
865
1215
1345
1319
1269
1217
1445
757
1143
1240
618
1204
818
594
1369
1178
593
717
1413
1003
1373
1012
1119
809
733
797
1020
645
1185
1447
1184
1346
1257
602
1331
1400
1235
1069
727
799
856
835
1289
873
696
1050
1487
1033
1058
800
1483
631
845
1029
610
616
964
1252
1133
1435
1230
1129
810
758
1286
1061
706
1434
1121
1294
918
1336
942
1126
976
1159
598
1351
1518
809
747
989
1249
932
625
1166
1143
858
622
1307
1129
1069
1387
902
1508
1061
907
1521
912
788
1002
1220
942
594
989
1380
1505
1217
1236
590
876
1262
805
1003
1130
1047
1158
677
913
908
1048
1513
1450
1202
1367
1096
1484
1426
1238
1160
664
1007
1019
1125
672
664
1220
722
586
978
1513
654
983
613
957
701
828
1123
1453
841
889
865
1132
1408
837
1377
592
1189
1523
870
1426
1403
1397
1245
1042
1197
1042
1459
1320
1250
1365
961
746
1283
769
1112
712
1013
657
1486
1202
1431
1198
670
892
1207
1087
907
1201
1200
1395
1454
1358
1298
869
1249
1454
965
1343
967
854
1100
815
734
727
607
1453
872
1414
1119
1211
692
1386
649
1205
1180
842
1209
1109
1176
1242
794
1250
821
1305
906
1417
1332
702
1356
1445
661
989
693
976
646
1136
1181
1175
650
934
1424
1211
1428
1455
744
1202
1440
925
1172
750
1352
1496
1205
1340
631
597
1499
748
995
829
1486
1362
659
1250
598
1190
1241
1261
1370
839
1183
1151
666
817
619
705
1284
1381
1113
1064
869
901
1125
1129