1239
9724
5092
7580
1885
5209
2050
10888
2581
1462
3214
1747
3295
7811
9646
1594
1740
3519
7836
9476
3476
8540
11506
6487
932
7789
3991
7414
8436
5359
2199
9106
4037
8060
2460
5891
10630
2838
1723
5191
11842
2634
2106
6547
7062
3710
11776
4917
5957
7473
10125
2652
5663
5682
2501
3820
11142
9039
6811
11106
8618
9126
1933
9472
9647
1824
8228
4306
7410
2513
5584
7592
11745
11589
9005
9806
11895
2938
1635
2430
5286
1231
8175
8066
8699
2564
5969
9257
5315
11116
8595
11349
5189
6028
7801
1913
6028
12383
9914
3229
11078
3858
7946
8843
2616
8342
2449
11852
4464
5097
1927
2091
3281
6507
3532
10624
9040
3136
1579
6821
917
11606
10804
11557
9928
2564
3203
9848
3889
11444
3873
9667
927
8782
1305
7639
1919
10563
11177
7756
3137
10473
6806
8125
11781
10889
8135
11812
5780
8578
5335
10400
9163
2384
1839
11294
3909
5827
4438
8760
11366
880
8537
9115
8116
7905
6118
6845
11675
4477
4321
4628
1827
6586
9863
6649
10053
10254
6516
1902
11828
5240
10507
11059
4410
4245
2451
5120
2362
9728
8167
3202
2704
3511
2948
11310
8526
8677
4795
11422
9888
881
11339
10419
5027
3111
9988
12127
9264
1667
9896
10318
2456
12180
6263
2450
12006
12057
5288
7008
7444
3508
10544
5341
2143
10059
12106
7769
11729
1952
4487
7439
12349
3651
1300
4826
7776
3322
9112
2683
4068
8105
7774
11325
4248
11900
5141
5450
2045
10887
5108
11871
5275
3542
12025
4649
2359
908
6953
1254
8843
10781
3140
7387
4332
5963
1271
7678
10632
10429
9694
3407
4164
9041
7707
5646
9778
11507
1322
10575
1689
3274
8545
4613
2749
2468
9170
1611
9370
8101
8719
8425
9873
9169
2893
6363
4915
4669
10984
3540
8092
2422
2578
11881
12012
7133
10431
10226
5030
5101
4356
1014
7130
6414
8020
1069
5749
5721
10722
1666
3765
5757
11826
5233
11653
6594
5664
4174
7105
11578
4792
7414
4671
8628
11623
5134
6238
9433
1730
10289
4198
8677
8284
9975
7646
3502
6050
11349
2937
4491
5021
1023
9647
9769
3326
12224
1482
11434
1211
1241
4904
9262
2343
5926
12283
1462
10055
10611
1339
3686
10891
6698
11242
3353
4804
9686
3213
2887
6538
11418
9560
5038
1791
1865
3162
2580
1731
5004
4198
9814
4993
2643
2936
4753
10440
6416
2111
9316
4289
1531
7891
6622
7786
6010
2007
7893
6002
9954
3567
8197
11465
12013
7845
4729
11386
9018
7665
10017
4507
1543
12324
10143
5568
4792
2820
1540
1487
12160
7814
8657
2870
5541
10830
8057
9710
4889
12045
6000
1229
1387
2946
10227
5545
1637
2040
1727
12116
8650
1887
4392
1167
7087
9324
3720
9724
7251
7966
5741
7355
7114
8021
5710
11384
5579
9901
10525
4934
11111
7054
3169
1380
11906
6204
8265
10971
2643
4008
7838
7048
9707
9225
3816
10612
4582
7000
6155
6410
4364
4525
4961
1977
7537
8246
7577
4145
1384
2482
9873
2238
9815
3613
8648
10098
11388
7472
7494
3923
5361
8516
8554
7788
1067
2097
3673
9206
4904
949
1701
7433
4588
2509
7761
2037
9578
5601
2309
2839
3474
2669
1388
1392
6298
7191
10856
1621
5737
1239
4732
9888
10997
6462
2371
3804
10495
1162
4187
10940
5290
9854
5353
2541
8703
11628
3288
4961
3930
8862
2813
9182
3914
9293
5707
2429
9378
5587
10605
10879
2009
7863
5478
9955
12123
2155
1404
9718
4326
4080
9445
3369
11929
1328
5876
1363
10558
1375
12143
2274
1606
4411
11468
5894
10637
9448
12147
5955
6934
12254
2592
2215
9988
5913
11554
9005
5683
8574
898
9407
11258
3285
9584
6718
11986
1609
10231
5076
8340
1504
12057
4331
3642
10248
3730
4918
4769
9270
10746
1984
6448
11709
7137
11999
1629
7339
9454
4567
4646
4577
1947
4597
1183
10331
10038
5816
3266
5374
12034
11804
3591
3732
1240
6960
1882
4770
8229
9272
3677
2958
8444
1079
2896
6786
3454
10166
10752
11066
3855
8687
10891
8800
10439
9119
6882
9952
6407
8127
10325
2718
10428
4919
1568
10492
10414
2921
11993
9327
5008
9130
9857
11766
12012
7913
3865
6278
7930
4118
5617
7232
1632
10970
8464
6081
12035
5859
7803
10712
5135
9979
9136
10097
9499
6014
10859
4215
11453
5951
2963
5325
3426
12237
5869
11146
4805
5303
2255
4863
11818
2323
7486
1767
11493
8061
3895
4938
5482
6397
10898
7883
6884
12370
8465
5021
4386
6505
7636
5761
12335
6267
9950
10894
9366
12065
9199
4347
11417
7944
6930
9789
4424
9171
3758
4766
11710
10901
8464
4520
10119
1556
12018
9551
8142
11791
9433
3279
3054
11448
10307
3477
5388
10651
9397
7034
3959
10798
4256
4956
11692
6271
4187
7392
6589
4029
6109
8012
4370
1341
10868
10351
1450
8796
4107
9674
892
6700
2045
10636
3954
8634
7296
9627
4538
10735
2815
8532
7440
4620
9778
11425
9511
2922
11818
4170
3179
4075
11832
9275
9015
11289
3797
8531
6058
6383
11746
9212
4865
4533
10961
8829
6567
8337
1676
4885
7639
8054
7616
4612
6311
2819
7404
5187
7475
8914
8569
5285
6025
9446
3781
8496
5186
7475
1943
8324
4300
3962
11364
6562
1045
11071
11743
4491
9385
1670
12036
5902
5542
3668
9278
11563
3276
3406
12186
10001
4968
8763
8477
875
5154
10488
8636
6115
5848
7728
7991
9712
12121
4161
1208
5956
6382
11508
7581
1474
9990
6862
4320
8400
9109
8565
9168
6963
1902
5977
10846
2121
3295
8698
3781
7444
10267
7040
6466
5151
11987
5319
1659
4599
7849
6492
10717
6822
6395
9446
6934
12339
8312
9906
6457
5584
5613
11969
4905
3690
11364
9670
9969
11273
4268
6178
12185
9492
9257
6156
5507
5473
2560
4323
7097
9899
8916
1520
11487
8901
8480
5574
9969
9337
9299
9497
5575
3324
6126
9564
6709
3662
7915
7707
3543
8156
1748
11046
11722
5590
7665
7276
5920
11639
2460
11806
7775
3350
1620
4301
12186
8949
11059
9063
11079
7085
5983
10441
4638
11222
3214
10387
5125
1578
1533
12332
5582
4153
5637
6458
4753
9514
11612
6488
4884
3343
10642
7199
10365
3936
5224
10797
12153
9332
1076
4273
5780
10663
6661
1002
5642
4760
10721
11537
2248
7967
10921
6016
1627
5568
999
5178
1777
1457
9449
12326
6573
5648
9354
6199
7362
11131
11386
3549
8066
10302
11373
5589
5068
884
1887
5308
12322
5343
2446
6918
8579
9015
9488
7399
9814
1960
8618
10360
8092
8523
5961
11867
5869
7970
10810
7703
6118
1764
7669
10341
9030
11049
5739
1062
11210
5869
3210
3839
9530
6528
1217
1160
11935
9407
11667
10537
12330
2534
5665
9316
8807
4766
5466
9938
4670
4803
3932
9083
7389
5672
4212
9987
8071
2160
7877
2242
5639
9987
10035
9558
7490
12161
8926
2337
10998
6343
8956
8913
1396
898
10771
6810
1016
1505
7819
1297
1836
9216
7354
9155
10631
6314
3341
7511
5366
4643
8988
1061
5730
10655
11630
7633
6441
4957
1802
10727
5946
5560
2824
9550
6080
9916
6232
11064
11060
2619
11627
10154
11961
4696
8046
2113
2344
8261
8607
10930
3763
5346
4786
11431
3431
2231
2203
4622
8023
5300
9743
4579
8741
1789
2280
2534
3805
8513
3355
12174
8392
8276
11794
11163
4505
11562
2031
12298
7136
2424
11167
3184
12280
984
4527
6054
4534
10345
8947
3488
4500
7487
1606
2920
4832
6826
11451
1617
8979
8284
1816
8198
3415
10338
8926
7896
12331