238
1383
1166
3832
6010
3466
1017
2863
865
8095
3061
3077
5019
1050
6426
5528
7534
3773
3156
4126
4991
6825
3382
3592
1976
5841
2499
6199
2566
7058
7135
3091
7647
3446
1701
7670
4345
5820
4131
2842
5252
5986
8521
1084
4201
2043
8324
571
8254
4050
7923
6401
4869
4420
4749
6202
7141
2227
7935
673
4149
8208
6236
6903
1935
6669
3046
4625
3684
817
7958
6846
1329
1899
1888
6541
791
2491
7623
2093
5641
1304
4122
956
2396
2896
8029
3584
2045
3694
4579
2220
6422
556
4299
8425
3843
2939
5593
4690
8021
6700
2541
2439
7543
4935
2814
1735
7959
4073
8532
4141
1501
2571
3177
2336
3907
6215
3710
3036
6769
7576
8249
2049
4887
7516
5101
8432
3060
6911
2174
1632
2491
7737
4399
5603
523
5002
5707
1407
7284
1803
7474
1514
5710
4530
7055
7798
8526
4600
8302
8248
7717
2167
982
6554
8093
7910
3243
1456
1376
3525
4835
614
2420
3881
8225
6772
1679
1264
6555
4125
7273
4572
3027
6441
7277
7165
6634
8338
3849
6138
7141
2123
2146
7027
4043
7434
823
1162
4901
5430
2404
2727
7899
8526
4438
2447
4880
6007
6520
4764
6871
1787
5028
4677
4012
4071
4634
4497
2152
7065
3505
3329
6290
5942
7124
4435
2151
3254
8443
3160
3223
688
4158
5680
3816
2392
2194
7469
1697
4465
3493
8483
7431
1730
4328
4514
5684