1000
593662495
364992990
959471067
556673282
528781675
441653129
67811067
965647696
997378804
620651779
200809918
794869679
771106291
935569077
663951548
875277362
889954741
498021071
853700262
415031981
385380840
193999693
690998294
427616865
179440261
257945228
333507226
118782343
604828499
161875696
668239237
950837660
536321536
867890755
823790643
74705521
123357089
292533635
931231627
17937335
839473617
728999632
981963343
696787365
753855110
667673238
475504108
170843709
777202430
15429052
257796988
315987045
548250110
730964055
28543534
678401654
928755176
416573823
7250377
71004769
867068602
680476234
768254528
417917244
882240748
819367769
171866468
573580917
246078969
88230702
149406612
315666169
781633810
693177959
799570626
224435313
503491058
4569981
498629629
737533607
773934555
512074295
688107718
547160976
330173692
172491822
597964103
631255718
223637958
642739790
357318198
202214839
614736603
179269909
518414262
394582857
42651911
564877526
461576389
171017050
711498510
324786065
234025456
467179189
382751395
131192195
475002837
863415618
971189992
272613671
502686847
175357952
865210389
555503643
32745349
48628865
767135312
111498417
604282951
83565482
235876456
513216931
429669499
289114766
544797682
82398691
619783279
447782085
30004810
38329875
101740183
124483019
642662418
159679539
280655382
917997975
340240300
908885605
965432102
45880445
223556562
815932467
241087396
132129741
7616180
537214564
885770997
735021095
911059759
564186734
803830419
821306154
909034536
90464900
243328025
371528315
367485313
87086009
841836151
98307335
56990980
619627129
198321522
39572840
84182315
815734197
904393204
762531022
679169084
832495998
306573740
314580129
212359730
964941495
426326476
140858570
67951071
495715947
349869090
48315734
57376471
877903838
840367307
671399315
423798687
306543655
221269091
169345145
643959354
283407192
903602544
891780564
181180962
731896736
835586373
180177288
797772763
98740618
621889978
649775185
582658121
152738586
718057808
925013405
491252559
253935914
101744222
9376932
278368621
896500700
83239227
685959064
798979092
172116138
291617115
127266106
569648835
359697571
622987481
459240456
530148351
143751851
869917927
350428111
283229372
754129621
580308615
195833584
654733532
737085078
619038463
50005568
682140052
581986042
106660285
724109100
993626550
618167001
589192577
492716085
372888136
668174188
146796128
289558685
71688511
123076845
744799218
35464725
171013992
858407881
252983527
208733541
237687108
621872446
209008370
894900117
611446228
95669126
132942552
173350116
125366093
387106096
3432397
494663604
514782569
970979614
469266754
29123374
618811736
115070271
669250305
42779443
558292364
9215462
958750623
711612553
987580411
10960023
926753136
668399109
571593782
980837437
39577250
49018122
358948667
172351357
657934860
973203159
954082004
110125447
502871604
19528951
46013824
473957538
63064473
1337175
824799565
60278544
658215301
357793402
81823492
959905459
621919515
833418928
752261575
261764387
54174300
108254485
106905590
272443120
84610245
425137152
849433425
203767629
754166695
252794377
119297321
991965448
584981381
446639176
752348989
369975224
100451665
373808720
596903682
314717802
264678009
662155243
882122862
951769896
593487576
166988639
36068620
447679019
101122582
902263147
221978908
776806181
259061504
122359236
321698232
30496749
673389566
228743118
79543986
345887992
477483709
338534972
212547478
290274559
356791823
892938570
713547806
750595095
201863247
229682417
387975451
91349419
189592493
669977898
133261325
570747470
25014977
166238606
212957400
211720236
351009337
430883638
280197603
18664505
733128148
265022663
64784305
125145989
776585113
504179649
86146829
590586306
102531006
77327747
26765719
119987061
347985363
856087389
755455536
885954879
751253188
518536904
608002890
37345059
9943270
705097623
146406637
487291766
932604932
524545410
286306590
591379727
918398831
264766954
683723797
716406126
834241709
78723285
606983336
586999283
23070650
902533365
290660805
368633075
792758288
287456875
668675323
114683193
609677699
685560128
280827409
594461842
819159594
627084583
566311946
631898172
154874491
113666586
680297527
163553811
412800305
807392206
240034141
222502937
802360518
335984634
618382054
982141683
634214192
700518495
74711482
795088529
616781757
276197790
412894694
440390403
325675461
419516981
427573511
640509715
217471165
143942862
47724037
25384615
853500250
638814663
686107304
759636365
790713807
577380613
848005392
225661134
394759611
356923567
652438717
177012170
250388022
800754512
642401081
115339006
105763970
536910484
284727333
406637745
922523611
626596447
755626841
983335619
10483953
695870414
838175368
140315090
451327484
496683312
323474080
9854331
247782218
568284720
662022658
416227955
325400531
78720207
994140431
92968298
646824429
87315697
395334185
182620549
747110095
114546298
246108530
198885626
313395242
869892297
462670983
6669413
115563473
843042053
355702496
190023444
774566630
672250225
383842153
34596284
418921004
698816947
974358362
670436298
646719767
938349333
853007808
39963351
816240954
29889918
1720314
624825031
849590466
318475763
147749499
949292434
52469409
345119515
897631910
978578596
37217780
329167237
868313146
780699777
123277915
257674017
76446253
698523838
347228551
39489205
260544808
745028716
947194179
97020121
76284208
29464134
321977911
814222141
774526267
74922028
489395606
623051338
701792118
282443572
691627138
20668629
561572604
995330001
593496289
467204047
801615610
129281623
706603639
466140429
812765560
901248426
862751217
2937552
663065264
717649543
617367039
603434146
565799276
91831324
445893112
379150742
86453103
318680135
125224590
300730795
82624259
921689135
993749433
28855636
959950630
868748121
282263661
78691289
960168924
80852280
255024630
421967664
530696741
993182750
824402987
940628670
797581151
508119981
881628199
12094303
348329580
989131305
900497016
39045923
821756187
359114339
818783948
708141286
136091314
289223558
460820675
16113997
426895965
663626302
656623013
74999351
597823645
183402870
592559365
158224822
8380787
912428247
109617669
555680523
60243164
632112809
213523565
639400619
158094987
950877386
66969633
296001401
418163835
960320841
913436561
481246232
667196741
907784435
968906888
414709972
172822095
353233866
723352517
290429718
55729380
304909545
88215102
637542702
899169444
283492036
416330445
714101652
392364413
754342635
939348258
13326481
988640671
619454755
498254800
518322205
531353479
847562879
663112182
130133397
773172211
858195934
141947984
84393073
868339970
28346757
677651288
278882967
216493411
122721653
243025780
300606208
918709916
373078322
725832185
818098725
261329172
984176492
496691163
486984286
329108452
498954869
601945409
59178549
681345335
70479337
944556569
998132460
93090053
654938137
430432544
311956779
641111443
365817404
859593517
241216996
798054332
320813712
988873670
869579429
627970949
884977242
188860250
931531317
232584164
232254374
77231081
249980567
18778705
635719514
257430333
174327524
417944909
762343521
711094087
252311185
558820169
102744361
324424533
736777419
696494536
110155584
942658672
51636843
857501480
127210965
594245558
215229257
930723581
23980611
78177977
257232640
968541131
73386629
67967738
47748765
439672076
787442312
494923133
938778306
109352203
565280904
459006055
711367020
527577552
324327902
503595402
500235017
764338806
673565692
992499235
382394553
842892163
41617101
790076484
324315693
98845137
88954917
731251575
815379571
110643618
549725712
274820740
827815011
220037609
640066177
308917930
840052939
76981690
42055894
528910160
674551795
940434498
20843319
981911178
584395169
623240660
375980528
662011645
504177911
347058995
470962499
923738191
215632826
777115060
6339474
843822103
892113717
374570605
471605237
221172141
172243350
253859239
574261422
432959349
862619924
33469196
657026576
730767631
405947786
897561457
896239489
256989872
369783347
100201086
197738716
786378836
985751410
177821001
518581343
254674512
903869086
41432348
63088289
870932639
698804403
478820512
15516079
505033783
949646560
71270998
220541429
173493761
478125674
309474981
158026467
876768262
312849619
427763624
819057553
262222885
131779073
791787709
50391377
246187729
469989219
269119083
266169331
148673785
501310599
596296117
316858772
594151446
444140149
554780589
838972249
82430587
257174299
380168744
529051283
268829337
541604748
114263460
949558105
426759307
776686178
823454142
543508922
784322611
21308866
337826719
739680643
200835700
340702481
302389754
563717726
20206826
863836453
231910395
133326810
943852009
51979869
204427373
709719255
256489316
945255752
936326493
333940731
594742702
69633259
293216473
931170051
895367878
290973166
125824617
534084351
18920857
304052755
583825190
132950769
532076602
373887140
160554222
99950520
317936346
134480765
38221299
496622127
463088430
678186407
145767716
85193951
307501326
711626752
206860962
881346946
963751484
152421026
276546313
78047972
750651827
567389111
758538230
905372668
369339595
434482798
130658177
13794788
971324425
382893299
534544753
504432771
553118361
895598259
480680410
743556236
303044206
671062037
357277326
217378400
647819310
760997986
864355283
440488969
326607166
415142068
302759023
751459254
86507387
130193711
699700484
112280386
156658515
785691239
147545185
926404766
958615324
844609842
990351697
693760772
380346891
109371297
6037922
259291431
551543750
143078069
615943107
432411455
63976304
82096719
34509704
898223429
471414636
731872882
429160962
243902799
113647688
750698388
469730231
700644968
579836427
114550647
490571787
163194947
432611279
499668644
697860731
321216282
686703604
364206753
50550396
514734883
82568254
210007814
310156122
98875266
830207526
711793717
748565490
899647121
397772594
819842374
385771484
73638661
479622305
588428222
