152 25
2160 4388 461 6125 8730 4043 768 6056 8983 1252 4892 9547 9164 8973 1809 5455 8019 9028 7975 1129 4879 8288 4945 3866 3006 3302 652 2895 609 771 651 2417 2109 6509 9742 3382 9380 6937 3889 1838 2741 9624 5136 7502 1841 6385 9049 3275 5610 7004 4330 468 3712 4855 3000 9454 3464 96 8342 5397 72 2405 7478 114 5064 1056 3669 1795 6791 1175 6765 4048 788 3938 245 5776 9339 3444 4439 3517 9096 4795 6937 844 1544 6610 1181 6866 166 59 6318 2398 2239 8248 4538 9270 3708 2112 6176 7391 9293 8728 6949 7065 9771 54 3785 8882 6475 5539 1088 6445 6527 2658 2022 1409 2427 8892 1277 8337 3802 7150 8994 6567 5149 7775 2238 7201 6190 5841 1216 2733 6356 983 5584 1618 3448 5191 3541 900 978 9658 4059 3149 951 1834 4729 1388 2137 9520 8204 6676
10 1
27 6
26 45
48 31
45 50
22 52
72 17
74 56
54 79
78 80
24 85
54 87
87 55
87 86
88 98
101 74
107 14
5 112
113 55
15 114
27 117
12 127
145 115
71 147
92 150
