2999
12256
1756
4256
4313
6745
11995
3523
13931
5330
4003
4551
12110
9813
5688
8008
9162
6722
10918
10860
11849
10993
14245
8371
13033
4959
3050
13849
8463
12468
15401
1513
1815
3898
12913
13753
14607
7131
9884
9665
10038
6835
8679
622
5834
1817
2206
11676
8164
11674
2917
1567
1830
1324
9176
6116
4355
13601
2112
7712
649
14119
8810
1585
8740
12782
9972
9311
7944
11154
8147
8979
2473
11514
4143
4252
859
731
12417
14968
1355
4452
5192
2915
1739
14930
15280
3634
9662
7495
1888
13638
13373
15141
14320
12236
8698
15000
10175
3234
2859
2615
6023
12275
10914
2350
5617
4388
14907
1699
3127
1281
12512
10666
12841
14484
6513
8532
3332
4748
3234
2992
3685
3656
13080
3100
5891
14025
1679
7092
11577
13203
7110
14235
2936
13443
14119
2466
6121
7459
439
9134
10511
3634
15388
12966
6945
14966
5068
2680
10264
2393
12466
14491
3574
2555
13476
6196
13589
13029
14313
12561
10200
12050
8868
13752
12593
3184
6746
10306
2435
629
4132
15378
10294
3313
4674
9360
9066
5080
7294
14536
13225
13009
4687
12240
8697
4012
6254
199
8189
12913
11121
5847
3186
12400
12844
9158
4663
11029
3292
4295
9305
14346
13474
5738
7062
10537
15296
10853
13055
3728
2066
1999
2202
10666
10735
5782
14789
310
6639
6649
9065
14503
6750
9507
727
7538
10975
11745
9050
1058
9065
220
13469
7826
8881
5370
6337
1970
4729
7621
244
10793
8619
1819
11048
14273
6091
6059
7408
6307
14116
2957
11395
7280
13667
853
988
9557
8241
2565
15137
7177
13611
12943
13248
5586
6283
14496
3409
1902
7894
9419
11031
9671
5091
2481
10790
10666
11093
748
8743
8342
10498
11535
11941
3399
13177
2444
6116
4388
15093
1710
8190
4841
943
13622
9293
7706
6466
1597
11397
7641
2307
3976
13840
5983
5594
14607
14468
9196
10589
3607
3844
12191
13590
4298
9333
13164
2917
6043
5067
2075
1785
6893
11890
5186
3881
1724
15433
6108
6470
11401
11729
9865
3742
15049
6745
10898
10818
5845
5881
8542
7269
12259
6182
13168
9243
3742
13444
7905
11809
4442
9347
1388
10529
998
8603
12617
2463
14045
5959
3556
5178
13102
7147
8525
7417
11493
15207
2630
15000
13953
9793
7840
10936
13633
12065
10993
13157
9629
8289
1780
7481
15142
12760
6116
985
1341
8340
11132
5109
8059
4371
2747
620
10008
7754
2938
1569
12033
14628
9337
14851
683
1874
6157
9134
8711
12739
9192
5069
13093
10872
11051
14747
4365
4049
2388
5763
10542
11726
2941
10570
8819
986
13518
10106
12468
4273
12001
11305
4835
2742
8579
3705
2379
4212
9654
1888
8209
8833
9338
15138
777
8618
9507
7192
15027
8628
14477
4484
12239
6866
5184
390
11865
6941
7943
9754
8641
6248
740
2143
5912
10840
7323
3927
11661
9464
4666
4151
1785
630
2970
13686
8650
1004
13686
5886
11797
11475
4126
15022
12514
1416
14604
7879
6194
2464
9876
11468
9193
7235
392
7583
13487
8927
2115
3001
4870
4820
5971
11050
8253
3224
10236
11750
13288
5643
4564
5322
13155
13712
12249
8288
3201
10263
4467
12870
8060
14132
8235
6351
3277
7691
5716
11068
4049
3797
2316
11521
7420
5360
15382
5360
7326
4824
12219
5663
9349
12174
13851
2251
15129
6760
4837
8560
1639
14977
3394
1944
13305
3291
11668
6575
6915
5997
9239
7711
15271
15386
8776
5293
4119
13791
9054
7467
6521
9555
10231
6108
9256
15433
12215
3811
1416
4120
6828
8871
3823
323
8979
4963
9842
6723
3259
8034
4429
4413
5124
10247
14670
14880
14762
7826
7410
5378
1347
5980
5817
12466
13498
6108
2691
2405
8700
9844
13451
15260
2098
390
5556
1089
14400
7945
13332
7062
13791
14477
8666
1296
12304
13402
12842
1965
5883
3272
2137
10044
1738
5914
15343
13816
12923
5627
8567
12883
8204
708
2170
10943
1054
11235
1817
11799
2426
5548
13625
10724
11649
4657
616
9613
5294
7212
15057
8136
6229
13689
11042
15419
8146
9170
1281
11643
7414
11344
11840
4683
12397
11997
13224
2370
10840
11201
8240
3322
10313
4226
11522
1315
6630
7353
5342
6943
2304
14010
13759
8617
6943
706
9873
15169
731
4238
3787
12343
1676
13538
4074
4230
15258
8407
2730
7046
10031
4271
10898
2009
1294
8452
3609
13381
6937
5562
14848
3864
2350
7220
8138
8629
707
6888
4841
2717
1327
5109
5688
3539
14310
6180
12250
4901
1999
2257
4509
777
5630
10082
657
3924
13973
8554
1274
2560
4084
13053
11251
12950
8056
8404
7999
13718
3003
9592
12434
14511
2235
9595
8376
11197
8901
12054
14698
10470
7513
13958
2910
1962
2720
2082
13041
10423
15433
10113
8310
2082
11186
1415
209
10955
10822
11883
14596
5358
10403
3458
10970
6468
9239
13485
3326
10381
14439
9932
941
6287
5356
6547
4415
11639
4760
8548
14374
7254
14400
15334
961
8260
5189
10829
6418
12866
14635
5909
7634
9131
13908
14502
1877
5584
14323
11075
9267
3800
14045
9737
8428
5504
2049
1543
9385
10080
3758
12719
1611
15433
10070
1422
445
3372
14849
3682
9719
14742
7660
1710
14080
7068
10585
8062
5989
4619
8889
6417
5486
9645
14801
5798
2239
6442
5062
6523
5798
9043
4251
7212
1318
2143
9720
4659
5898
7965
3952
12890
3645
13923
2497
9141
675
6519
11023
13993
11270
6503
13773
11026
631
7680
7633
5029
7321
9464
1209
2374
15415
3967
1355
2629
3618
9054
10837
6595
11517
1362
2966
13802
12179
1710
11965
3298
4196
7381
12269
15308
11383
8638
3187
7610
8147
7948
9824
3182
3607
11121
14896
2567
11140
2507
6028
13044
10371
10412
11538
10125
6228
5151
12381
14492
11100
1386
7558
8097
1167
12098
7498
14981
1293
2957
14764
9048
15258
12559
12216
14999
7904
663
3059
7822
2200
14600
13206
12884
5195
11719
6942
9733
15070
6893
638
1352
6947
985
13835
6498
14403
5639
2141
5998
8768
4007
8705
5178
14125
3792
6583
10569
3009
7086
10789
4568
1403
12448
11792
5521
15043
4346
8708
9509
9644
4664
15169
11997
860
4846
9775
8527
5604
5349
12258
718
3895
5803
9696
13397
7664
11524
3480
12217
15049
2104
1284
2565
1251
14824
3356
11645
10649
878
13827
7661
13757
6322
1641
1529
14211
12277
11129
15204
5376
11597
1077
10817
4873
2306
3467
11539
5518
8610
8723
12996
4824
1298
12828
8290
12142
2222
7868
11344
13139
3018
9090
10431
9325
15433
12493
6634
8661
3399
3909
15293
4126
11652
3908
12966
5917
6687
9430
9385
6466
6640
5867
12369
13585
13206
8322
1737
479
2509
8347
3160
3547
11561
9956
3272
14737
14861
11683
4341
14709
11233
9331
1831
14319
13978
14328
13645
10546
3903
6191
819
4637
14193
9643
13596
3499
14823
5827
14410
9515
12943
6663
8476
422
5617
1860
2944
5272
12256
6243
8166
9652
7836
8654
3653
9058
10652
14420
11538
6988
12514
11634
14211
3803
1540
10568
6752
1922
9880
8675
9925
6457
10860
2143
9528
4551
5067
11725
1209
13237
11644
10108
12866
9738
1466
14429
5318
7938
1742
7888
14979
2925
1739
13459
12721
13810
13942
6109
2868
3467
4860
8667
8540
4995
12409
1812
7269
11733
4080
14431
9180
422
15433
11584
5925
10929
6878
8675
6041
1677
7511
2507
10709
8927
1699
5196
3601
7394
2475
9155
14004
7568
9181
12142
2180
9009
14898
660
195
3367
9087
3401
10540
3152
7421
11717
12236
1858
4007
2143
9654
13031
7173
9318
3259
9689
9937
410
8853
8419
7438
9084
3703
13797
2082
2892
7785
10914
4395
2907
2478
8552
15433
6643
320
12913
7527
12589
5132
324
2113
6937
5944
6922
13297
8603
5996
2927
7715
9507
5248
9009
13666
2540
2256
2862
1415
9344
12557
1385
11051
14280
5687
13206
12191
14506
3375
1234
13518
13297
7835
5257
11048
6002
8970
10011
3037
7526
14562
5905
192
12146
7868
2397
3774
12559
7256
6187
10792
5632
3880
2921
573
12469
13168
15137
1871
3004
4223
3719
10965
1096
13046
6757
15028
805
3774
5613
5183
9421
4156
12648
7835
1362
14650
7698
12968
2610
13583
13723
499
7825
1358
12262
7331
8717
10513
15011
9932
6212
9429
13144
2313
14213
6586
8731
2790
7341
8638
1661
11567
9750
11051
8561
6749
11014
12642
3122
12486
2142
3388
11018
7692
8308
11992
13788
13303
5672
10726
2206
12456
4309
6841
6229
13401
13266
12064
6723
11402
832
2674
4799
6827
6104
1188
12436
12120
7328
13370
268
1319
5872
10883
10298
4943
13306
8825
8245
1155
695
4297
7750
3642
8559
3594
15113
8199
9923
3815
2004
10039
538
4456
4706
14419
13176
4621
8923
10000
13079
1948
2320
10139
4512
8136
8986
9815
10954
13455
8550
1030
14176
15431
13203
8887
12457
15018
2026
899
14281
11994
13595
2348
6072
7912
6099
8124
10250
3169
4899
7040
2565
7512
1927
323
6457
12419
6752
2290
3322
1633
3195
6052
12001
2674
11467
1061
3510
11531
8930
8592
1791
8960
8824
11192
12255
9797
1052
5453
5546
7027
5616
10674
14195
14353
7658
12197
10800
1387
6229
7345
6113
9464
3719
1423
11737
8098
11060
12819
808
8427
731
14330
730
14242
1658
6383
2850
399
9080
15433
14590
9270
13595
12334
6976
11985
10757
12240
13070
12335
9481
10070
13288
10108
2619
3714
8411
6575
3076
13289
15040
11221
4501
5943
3976
14251
10509
14697
7727
10803
14267
2647
13183
7563
1824
12145
12513
7315
7174
7960
15433
15433
5589
4464
892
12874
6266
3394
11665
13026
13738
11748
15367
3633
3505
10946
1580
509
5922
13235
14291
2540
1004
3185
12874
11815
14016
9426
803
14439
590
7073
7146
13721
7308
14240
13340
14029
14504
8527
2144
8907
7666
4030
7941
4665
9956
7100
6470
11549
9242
13007
13139
12356
14355
5773
7887
10175
11792
9198
15433
2356
5703
822
3751
6050
6080
6851
12202
7832
1103
1319
14596
467
3869
15195
5471
6133
10412
12457
13162
15027
6366
7761
15207
11533
4062
8709
14710
280
12890
1951
202
7251
4166
8982
12465
11719
1197
9175
5859
6481
8526
13485
11137
12624
2476
15433
7321
4619
865
8242
9314
13605
5417
7164
1400
14570
11421
7146
3760
13004
8659
1685
5252
10148
14376
2936
14373
1037
1948
1495
14380
8512
11361
8888
2430
15382
163
533
5109
11439
8716
821
2218
6954
3414
3536
11815
13260
239
5630
14501
7263
857
9562
15043
11917
5650
10002
11591
11459
7792
9480
14656
4001
8092
3786
12580
7072
1293
10279
15049
10690
2996
5488
9039
12845
4388
10797
488
2515
1103
1481
1073
7735
8194
10201
8657
11547
8179
11920
4647
2113
9822
3847
9915
3394
7252
14347
6397
11750
12227
10232
3179
2098
4474
3562
9287
449
2412
7894
3803
12473
13633
3501
11176
7487
2125
14319
1641
3681
13023
3188
638
3625
10492
14086
6204
2827
14944
8307
3192
10014
664
14125
6508
2543
3117
1666
8570
12337
513
6546
4075
13262
5172
13565
7090
12924
12211
13160
14007
13523
10231
10096
3268
6637
3100
6860
1007
15433
13568
5448
13239
15300
9784
3435
10106
295
10315
8219
5106
4482
10027
15433
12762
13901
5553
5712
1709
7544
2742
11635
14202
8427
14760
15142
14122
7296
2426
622
11269
3601
5929
8757
6020
10674
5160
13522
8188
11748
12226
11164
11344
430
12217
543
10957
7084
10172
1649
9997
14106
14465
15226
1742
10165
13340
7322
8480
8717
14318
2080
6749
6074
5069
8746
7960
8580
15074
9055
5834
11158
876
5160
670
282
4246
5035
4431
13953
13633
5973
11001
1352
13953
8220
12599
8934
12172
10837
12473
419
6529
8308
875
8464
15433
5513
5617
15328
11050
10243
8502
8375
10928
12726
2177
9091
13176
4835
7673
880
10946
1981
2698
15433
6095
2420
10013
13237
14524
4104
7523
4863
9246
5106
2717
3416
2954
13721
4866
5722
12750
8640
12308
14715
872
7712
13665
8310
13091
9256
5072
3947
3146
8855
9609
14497
14032
11716
2589
7985
15129
3457
13059
15239
13423
3607
15039
9245
9845
964
6670
15433
11728
5675
7652
4589
6105
1491
2371
10562
2018
8005
7223
4508
10307
12828
3614
12776
2422
12017
640
10504
11667
11181
15034
5349
11088
5909
7283
5129
1419
1070
4374
8229
15388
14119
4687
14206
11133
1724
6383
10462
13866
10044
12202
10278
5917
8770
2123
12496
3589
4091
10906
2326
627
4127
1296
2374
14087
188
2431
1895
4190
2244
4126
5086
14060
5733
3484
6838
6764
1923
13551
7191
690
14460
10603
15320
1714
8504
7464
10410
9393
1752
5917
14683
3947
14215
390
653
9682
1350
3008
4533
708
4131
13068
11632
1530
10264
10393
10812
6360
2883
11285
7772
9296
5398
13985
14098
9453
11913
9832
4876
13257
3709
6947
8280
12492
11705
14789
6194
1189
8775
3397
2754
9986
1712
14788
4249
4577
1485
10722
6027
12250
11346
2874
15122
14616
6276
8583
9429
679
2916
504
12409
4165
341
4971
12384
15006
5872
7511
12351
2419
13134
6301
8102
1834
8071
8757
13571
14651
12219
11514
14007
4765
15034
6912
2045
4840
11697
10599
12995
12365
4017
12031
4435
2537
494
12185
4080
1419
9361
10993
6484
15433
3258
14241
2916
1173
3473
2498
5149
10941
2950
12161
1770
11831
11383
5615
5298
5288
8062
10840
10043
13093
468
3241
9972
4732
2473
7486
12664
4092
13274
1206
10225
338
11556
15433
10615
6529
8705
3150
6072
11524
12501
15022
10614
12886
7081
12765
577
4731
5303
550
1069
8212
10403
12280
8564
8393
10911
4484
15265
11402
9025
13613
10280
4877
7457
2236
9937
14893
4649
14867
1724
5339
14452
1497
4823
5210
2127
11678
682
5316
13519
10537
5708
8516
1119
5082
13205
524
12080
6498
9152
7505
3278
12614
5399
3604
5615
5347
4771
5733
2829
14037
2910
11771
11995
7213
2261
13880
7147
9344
4900
6704
8214
6182
7116
7692
7255
6204
9080
12360
10339
7965
7147
8675
11740
15156
2165
4870
11336
7791
6777
12964
3674
12240
2140
11860
3979
13096
14788
9113
8219
14291
15433
12121
12165
14231
1044
13854
4388
13433
5520
14944
15433
605
1709
5670
10886
14555
806
9192
3322
8267
6999
3048
10535
10372
3078
13078
10038
4477
6649
8519
10803
8381
6521
1866
13084
9429
3404
7460
14192
7133
14781
4536
9050
7881
5247
5757
3972
8932
713
1402
6979
2698
14464
4307
12923
12842
4156
11076
14109
7556
4590
2565
10756
12951
6955
670
2311
4664
11004
8730
9961
5090
6453
12654
12603
8302
12249
14188
11100
13783
7239
822
4126
6212
15388
1243
4363
12197
3245
3374
1028
14325
12905
4983
12399
13096
11972
192
11110
8364
6415
13652
8030
7564
13127
1281
7235
12716
8347
4509
13539
3315
13045
8251
13723
5534
329
11202
13153
10335
1902
15416
9443
6132
4629
759
1493
5848
12855
10710
672
1695
6316
3760
8766
13406
2871
4484
13723
7618
9915
4525
2573
7744
5872
5627
10286
14877
8487
12080
11880
12951
297
4154
13957
8932
15015
12300
993
10359
12430
12150
1324
9137
3989
2869
4149
631
1241
6643
7798
14181
13093
1158
5610
3800
2701
7326
9239
930
10960
10081
13512
13390
192
12379
7518
9677
2566
5353
8073
2306
5734
1499
8298
15271
10725
395
14065
14974
1953
4439
5742
12760
5504
7148
2893
15123
8986
2345
9248
6915
331
9155
7786
488
10788
11051
8766
12105
7107
1726
3875
3345
5220
361
11735
7946
8122
13040
13355
6464
8428
7887
5004
723
1029
7828
9325
1730
7558
9908
4871
13495
6021
2354
12854
4459
999
2064
9986
12251
4306
10647
372
598
4401
8025
14897
9791
14287
11995
15433
236
10977
2922
6773
3310
5191
4927
14205
14149
6521
11908
11160
11883
1168
1780
511
10129
14083
8746
2600
2056
12530
1040
10014
5649
5342
2729
9705
791
5376
5433
5028
9363
6366
8603
14731
6897
4579
13259
11134
11890
417
10017
6646
3674
8199
1318
8521
11665
10649
7886
9503
3346
12507
15169
13249
10476
14823
13178
13370
2696
275
7733
4214
6351
13575
5286
418
8726
14495
3751
5317
9095
10831
12642
7138
5058
11048
7337
14664
6169
3352
14482
2312
7904
5655
5756
14002
368
14507
6324
14081
6157
12496
1626
1238
2385
12564
10000
4693
543
12356
14047
3245
12828
4057
9326
8892
9486
9464
6400
8877
5001
14842
8868
11822
11927
15145
13020
6947
11245
12476
6953
10210
2756
1940
5358
3405
8978
1347
1500
892
10071
15101
13433
4821
3688
4017
14222
6023
15203
2655
1794
14662
4878
5019
7758
1493
9520
9611
2329
3326
10442
2316
7162
10087
5824
15112
15156
7717
11755
14532
1769
15350
3330
2668
12027
1151
6637
12203
5495
14014
1541
10498
4714
9629
4824
11577
10867
4049
2852
1228
9224
13052
7473
13682
6276
10707
4878
5409
7185
8954
10315
9870
15142
10309
1394
11402
6602
14267
1293
12415
317
2071
9821
13493
13046
11490
778
3195
5820
14442
14741
15169
6217
3375
6279
4437
304
7147
10595
7797
14380
10487
11202
12860
6922
11468
8114
4046
10423
14445
7507
2951
15265
11922
12413
11234
5606
1046
5285
12309
9814
1691
3980
9791
12728
635
7936
9246
4605
523
8957
10908
14280
8070
14145
10538
2626
12065
5615
8381
9030
2381
5542
11586
4437
11203
4876
11891
5461
13947
5446
5581
5819
1648
7754
14297
13183
5165
8146
8310
13155
3082
10887
7430
4171
1023
14719
6329
12813
190
7252
6317
424
6262
3666
3416
4130
15433
14715
5443
9609
11247
14914
10236
915
4937
2833
1676
14668
14227
7709
14503
3728
10558
1456
9956
9817
8576
15433
4958
3640
9338
543
4355
8604
3421
1481
15124
4257
11460
993
9084
1547
7756
4929
11533
11819
2170
10562
5759
13927
5792
13652
9513
14494
14356
2503
11197
13643
1633
12037
15060
4125
3311
11756
14402
9347
442
12136
6726
2509
9324
13078
4842
11166
15433
3636
3454
13538
362
2763
4223
10189
8280
1987
14148
4351
1802
13953
11960
13803
5642
7643
6260
2391
8603
4368
12528
2256
7436
3860
2261
10971
13667
755
7390
2373
11236
3431
896
861
523
5630
7605
6225
5128
10007
1385
9360
13200
15174
12617
2950
6089
217
1479
5891
1319
13985
9633
9296
12136
263
13178
11817
11584
4081
542
13093
7211
7670
9946
4249
14771
5184
9388
3076
13439
14860
3654
8932
3508
8459
2862
4238
3653
6279
10541
2098
15007
7176
6262
13202
14968
14580
12913
1456
7166
4848
8365
9743
8050
7035
1908
12540
10295
4383
7611
8522
1286
6038
7322
4049
5563
7702
9029
13951
449
13097
14781
2301
15248
1739
11071
3210
361
445
7421
14485
13207
6518
3621
10985
1271
14687
7775
3634
6904
6526
6152
9754
10375
880
6885
2918
8973
6357
10544
11676
4488
8570
5093
7786
12837
4649
14096
3268
14149
6095
14067
9447
9442
652
7046
5453
14906
852
15124
12837
12932
4613
12399
9408
7326
5354
5612
12958
14863
9443
5469
660
8512
8717
5086
8733
12065
5858
8527
11111
14714
13538
2685
13814
13123
10840
2344
1981
13294
15003
4613
9878
1358
10152
15433
681
7111
3370
3105
15433
6255
7738
8135
10074
2617
12561
9488
8220
8004
404
2033
12982
819
3457
14060
6928
9091
10580
7421
4721
986
15433
15433
7645
13305
3837
14840
6026
10325
5126
12425
14762
3850
7991
14776
2386
8349
11837
5555
4880
15054
1281
5019
5705
13281
3003
7916
3443
7220
10552
4978
14827
10090
1731
12558
9777
15433
6750
11049
7347
11356
11966
5984
11638
14298
6080
10585
14744
15160
4907
4824
12140
10649
8030
10841
11333
10013
12645
10299
952
6930
4931
5673
11227
2218
7832
8984
14002
11391
8462
14768
2690
5469
12228
8859
10284
4853
3076
14864
8601
476
10601
12996
10547
9687
15204
2360
1991
6754
6877
13911
10574
6583
15111
12337
14494
5725
13164
11042
2519
9660
8455
8746
5746
10345
12400
8101
14768
14578
2570
1784
6786
2387
6550
14200
2206
13550
12765
14258
12330
12245
12992
12848
9541
8867
10701
15341
4213
7518
14907
7917
2893
6072
6276
8230
803
10958
9314
7175
7413
773
356
11037
10383
11533
9683
12977
13560
1079
6093
523
6734
8365
12776
6963
379
2936
5202
14752
15088
7462
4729
4513
4716
13431
12958
1131
11725
8784
5931
8720
2056
5753
8869
13153
15358
10727
11198
10046
5916
12339
11385
1997
8370
14421
5255
13239
3083
967
10109
7670
9601
5302
6484
586
8667
12956
5912
9862
9310
10301
7499
9981
4218
9827
5627
9009
13055
1094
13492
5123
8561
7541
2712
8145
4069
7706
15218
8068
5897
9885
8601
12489
956
8275
7322
251
10340
10504
12958
1969
15217
183
4551
15177
12739
2102
8265
9709
15304
15019
9507
3202
3668
4220
197
15433
11133
7887
4802
5496
1477
14087
2272
10222
12843
10683
2056
9880
2925
9848
3065
1002
8580
4655
10318
8990
13387
6533
11340
11922
8316
11373
3976
15433
4320
11822
15350
4163
3320
1786
10621
11717
4566
11367
4889
6407
14291
15300
7581
13541
9746
295
2864
15131
12142
11005
2344
8805
7651
12854
225
7581
1300
3532
10190
8407
3202
2509
3105
14078
2222
6184
11677
3457
13833
7014
11087
4061
1142
8156
4013
14608
10598
9221
4721
12409
12396
12290
11725
14142
6099
15357
11032
9393
5483
9357
4636
9491
13192
7063
10339
7118
2138
13508
12441
10674
13252
2927
6688
3631
12611
11917
2851
5118
12564
8628
5907
461
7083
7799
1397
9814
8200
11512
7174
6219
13131
2276
14466
1780
14654
8580
13408
12881
11293
4519
2869
730
15433
10649
12215
4842
694
15313
14056
9293
14322
12768
2465
15433
1497
3580
1089
3530
7557
2812
612
3258
6856
2473
7761
14465
7402
1866
9555
14113
11219
13422
10518
7140
1049
15177
379
2271
9084
1419
8617
9538
14156
5378
15433
5637
10480
1712
3700
8293
13838
5923
2176
5981
7916
747
1495
2491
11615
11094
12492
14579
13178
5197
10100
6520
5708
13206
8136
14520
4983
11203
10398
3279
10267
13383
15278
11115
13729
11251
6828
7370
15433
353
7829
11312
424
15356
12639
1844
1257
14029
6330
8579
9419
5453
10445
2101
11979
12405
8549
11740
14785
191
8761
10992
10929
7192
3594
898
15279
10173
10005
4470
10659
9389
12159
8751
12560
4049
209
2920
1325
9393
9845
8380
2654
15123
8320
9355
11759
3826
9273
11160
8245
4693
5127
2905
6502
9706
13735
12782
1738
6868
2112
986
6502
2559
10842
2634
15402
11817
13522
12828
4703
2763
4473
513
12945
1280
10967
15433
1800
8494
3532
1094
954
3223
6518
266
14184
13203
320
1317
6637
2775
2781
11034
15433
9847
3455
7917
9188
8435
2756
4117
11517
10359
3506
3990
13822
13773
11093
13373
7794
10591
10367
4055
4420
2779
14445
7462
13448
2475
11758
13073
13736
2678
7912
4683
13423
13910
557
4998
4080
6905
300
13190
4331
2685
12073
14242
11629
787
8374
7852
8628
7747
14295
9048
14579
12822
3852
471
8618
13299
6023
10389
7220
6468
14118
5675
12082
11979
4913
14641
1679
954
13622
9086
3085
14931
6158
13142
12959
13431
763
13580
2385
4620
4479
13464
11305
1538
10683
9737
3480
3874
14871
7910
6094
4457
4091
2543
11019
4502
2868
12247
2983
11478
11207
7712
5263
6900
7935
6033
11735
4561
513
7220
14485
4263
667
5637
14646
13413
3221
7448
7401
12765
9838
10488
2925
9609
14027
3797
10619
14018
695
8179
4116
8910
9815
13949
1579
14675
11262
8990
14835
2968
1942
10254
6204
15199
12652
13686
4720
4355
14332
7459
4529
13843
3669
1201
13080
15118
3407
14459
7691
13588
9050
12722
6399
1274
13192
4983
13207
7208
4878
12436
11953
12675
9645
9077
13206
11426
1340
14195
12994
4160
15160
12082
11143
10483
6942
3817
14574
2792
192
4446
14851
5245
9754
3195
5433
6974
4860
14126
4835
4912
14139
3787
12045
5185
2887
10198
5027
12248
2896
8773
5551
8862
206
8525
1083
909
3422
9453
7301
9291
5932
5304
4266
15433
14596
13255
5907
5594
8768
10675
10915
11072
9323
3623
3659
6994
3490
15017
2352
5138
14848
796
13704
8146
6272
9384
14407
10126
8944
7867
5640
7618
11365
10188
12593
7188
5091
13650
4651
11629
6746
10628
8179
6241
9036
13207
1317
3095
3920
3799
9555
3693
7410
15433
9831
1319
14746
2689
9865
14710
9678
7736
241
4202
6580
895
10424
7339
13262
5899
4304
11538
15274
14599
865
5735
12659
6602
241
12186
6204
11134
2236
7972
12814
7848
8541
4770
8705
7390
2852
4005
8877
8877
3909
1673
7240
4816
11659
8529
9384
9198
3001
8496
1656
1166
2617
12956
4964
6023
11234
8179
5999
4764
2189
3534
6928
8050
1528
7615
4704
5010
7981
1612
3172
14801
4698
8344
11216
6535
15217
6964
10486
14388
12940
550
3742
3541
7347
1319
4126
9358
9120
14406
4049
4368
2513
5886
2683
11033
13529
2221
13769
7421
3124
8148
7597
2604
4437
11507
9813
10621
494
3566
5897
12414
14924
6466
1439
3545
15019
14240
14538
10951
1469
14854
8487
15430
10345
2617
10161
4960
11894
9381
8446
10826
1668
2789
11591
14772
4558
7201
1467
2026
10726
1796
885
7487
5407
9990
2138
8680
4158
3698
7270
11426
8043
15144
7211
14608
6090
6723
4797
6222
10212
369
12341
3481
13816
4877
2370
5880
12469
3243
15061
683
4508
11373
7817
13843
6851
331
5669
15433
13279
14907
7733
7961
14944
14778
2540
13984
4670
5594
4326
10524
7505
6984
4046
8105
9231
6446
7018
5673
15433
500
4813
11370
6992
11592
6976
9203
2498
1888
4868
2804
7890
15412
7131
1888
8025
6376
15433
6670
14917
6259
10660
6944
1076
6840
259
4064
5317
1809
11143
5750
13140
13572
10714
4799
14251
14353
5612
14163
6984
9186
2948
9095
14613
8235
1142
4688
7711
11254
13165
6775
14115
8567
13835
9030
6499
9780
1066
14442
4792
10929
9421
13118
9151
15433
2604
6521
6437
3075
9895
13665
3833
649
15419
8347
3508
4023
12397
2459
9463
7844
2572
10277
14838
663
14419
10247
6713
10242
8982
13387
1672
743
13255
12562
10998
11395
5406
2842
1903
6738
9258
225
4311
13607
3409
5028
3292
2649
14416
4485
13203
11616
9652
202
11099
14670
7840
1066
8730
12181
3757
10169
4713
12966
10987
7762
13155
6347
12594
7837
9254
5582
5450
13717
15433
1241
14353
8475
11649
5504
9649
15044
7762
4605
10255
13297
11416
2426
14186
9780
13663
9429
8775
11147
14067
9715
13169
15433
4808
7770
5626
895
4771
3792
14893
13203
13523
9696
5417
9221
12174
8391
690
10212
14972
3242
9334
3210
2651
12417
9048
8950
8781
13604
10409
737
9760
10835
4529
14709
2281
9103
7711
6945
13528
15090
10841
14970
3751
2574
8430
9099
10106
14683
4871
9761
10223
13791
12940
1530
4561
11405
11831
14732
12920
11493
6862
11822
13053
3989
8480
14459
2541
14897
4980
10267
12865
3738
3495
13391
5845
7283
7131
9332
11922
1415
4116
3516
13485
11218
7617
10786
12123
6655
13391
8350
1315
9946
640
1798
10351
14842
9363
5057
4072
15433
7301
4971
7581
1543
9809
7633
13781
10873
12951
5974
1755
2563
6239
11801
11277
4349
5766
2824
12639
2961
6691
11217
15070
12469
13872
3931
11159
15433
1249
9513
11392
1305
6833
5037
7894
1866
2747
8740
9155
4671
2537
5339
13262
9719
10827
4017
14715
10081
1962
4797
14863
4151
12701
5594
871
12917
6059
10031
5413
13714
12294
14812
4216
12723
13538
5374
2884
6521
5448
4341
404
9611
14161
3471
5141
7880
10559
7118
6247
4377
14709
12978
6817
3374
500
12733
9841
13252
8906
6083
3506
4057
8675
9332
4652
2852
4508
7754
14328
1537
10124
10742
8179
6514
13370
8341
4773
12874
14010
4023
214
8368
15194
9099
4860
7008
2113
3277
6783
5272
14113
2276
14431
11254
184
1956
14653
10922
2699
10087
10381
12858
13345
13992
4368
7810
1503
13988
10119
6398
9592
2873
14406
12964
8649
14795
1682
9701
6198
430
876
7228
12006
3819
9326
6844
2966
992
3289
1506
13237
13328
10328
12994
295
876
5889
13414
14733
5305
12655
6204
5705
1358
11580
5920
13971
686
1467
1681
9162
7930
7227
3415
779
8634
1495
3484
10442
4721
10225
13271
7928
4396
2056
4271
1479
10928
11725
7645
831
5953
8922
4470
9478
4874
7649
10064
11143
14590
12685
9932
5523
8770
1504
7591
3700
4382
768
5734
14800
3018
3091
6704
400
7475
11928
9173
10409
10355
14645
8122
8365
1796
13755
9254
415
5669
10993
2148
11378
2259
1756
8405
4425
13020
4232
12185
2647
11884
15126
10979
8608
12607
375
3394
6752
3699
14192
10657
7173
2958
14733
5134
10518
7184
13060
7912
4336
6122
4939
10538
524
10648
12457
10297
15129
14152
1387
4454
12775
10069
2166
6204
13547
5894
4799
4099
12020
1824
4438
13206
12729
592
11358
4671
10306
4615
1501
5824
4386
4254
10789
8689
13370
7836
6155
2957
12157
2824
3315
6316
11632
14486
7309
2783
6657
7979
12432
11358
12495
12822
519
14662
6157
7104
11580
3003
3416
6655
4664
1633
7690
3413
965
2983
896
14400
3065
3229
14887
9350
6048
4823
1093
9842
13060
14206
9821
8456
4190
4304
12152
11792
1817
6130
15302
4689
5649
7339
9284
1176
13729
13170
3409
9677
5806
13616
1087
11772
12230
6146
11902
13149
4938
6696
15219
1641
7717
12569
1587
750
13772
2584
9297
2111
1201
8170
2352
15433
8315
2369
14003
3188
2228
7945
2617
9540
11133
13455
3258
12683
14954
14449
10660
9061
7511
15433
10343
11160
8675
7982
5337
15433
11589
15224
2154
9571
3947
9084
15056
10277
1207
14994
183
9102
13513
10457
1862
6580
11685
11848
11648
5406
9080
8584
3120
13266
9682
4388
13385
12858
8180
12984
7818
4680
6999
8569
3481
9499
1536
8791
5718
9624
1895
12341
3655
12246
10278
7564
14897
6405
12150
7031
7754
7421
5892
8129
9919
9905
11474
14743
1228
737
2009
1630
3292
8627
14325
10762
4296
2119
12693
707
7950
5433
3202
1070
3460
13843
13855
10087
2665
2066
3678
7798
2405
6842
4481
1738
12900
12199
9443
1405
1183
2205
2340
9673
1058
15329
2617
10709
10660
3403
14301
8196
13550
4432
11211
5405
8911
10646
11207
1639
7463
3202
1243
4675
3499
4451
2126
10904
5672
483
6582
1319
2957
11895
404
15079
5932
11989
9314
631
1934
4049
10406
8260
3937
15115
5673
10267
5613
9356
13598
7570
7489
7067
14597
11255
9432
680
7949
12559
937
7790
15050
11170
6464
12358
4007
5707
12848
6452
1087
974
14404
13660
3426
4273
4341
7183
1988
8733
3581
14667
2869
4644
15433
1742
4556
13799
11064
15382
11967
10762
13183
7101
15232
331
14973
12036
3054
12004
7398
13995
14013
10189
8153
15203
14328
4834
2907
640
4221
8601
4080
359
3150
4013
5139
6287
3976
12673
5485
9311
12489
6898
13472
10735
4513
5998
3353
1727
6787
2113
2147
13163
9113
1405
2981
12170
4871
202
14512
13643
630
11256
11235
1308
5812
8940
10568
908
6070
7370
12862
487
985
7794
2830
8920
3428
1880
8341
8999
9956
13693
12275
1234
7007
7077
8965
8860
7775
8130
11342
13593
685
7754
10475
12053
14473
923
775
4323
3656
7046
10811
6311
11817
10829
1434
4530
9152
7869
2969
2804
13197
14866
12602
2786
11380
8766
11048
3902
8826
13355
15433
3414
3784
5712
8301
12456
14322
7652
663
7235
12070
5071
13249
4049
15100
228
11456
5283
5008
8678
12378
1562
13153
2601
14846
8628
12657
13942
267
7212
9593
10102
13478
11422
1044
14195
6958
7291
14963
11900
8294
5044
15160
13772
8132
11522
5409
8947
3516
3414
9528
7565
14359
12040
5642
4510
10423
5197
7905
7296
10576
10127
14968
3607
2034
15290
2365
13859
14492
10725
13733
6749
3840
5519
6490
917
11824
4278
12817
12738
14571
10608
5945
10917
7418
3102
9755
1116
3818
11120
13079
6882
14896
2947
15433
2297
8204
13060
1266
9762
197
12940
7347
7258
3628
7491
13206
9044
2143
4135
2618
10105
5258
8445
14523
3916
5935
14503
14628
13847
8606
10444
2917
8999
2132
4297
3539
8579
5630
2615
2723
4731
15177
3374
772
2529
8108
3018
7054
4548
11997
1665
9609
4965
13613
12683
14685
996
14746
5669
5027
11050
4049
12641
9555
10623
13345
5525
7619
3653
12907
5087
12172
8073
13206
9865
3663
12227
10914
12358
13896
11890
1456
4850
8859
8958
12799
3424
11199
10502
13551
14773
8775
1982
9103
251
3663
12581
13007
15312
10188
14749
7921
9937
1715
12512
2313
1897
14142
15293
2852
1115
8268
5012
1375
2948
4335
4898
2327
6429
13253
11166
14529
500
4545
823
6922
13509
15137
1341
8855
696
7122
5303
268
14436
8593
9038
10280
7145
5622
9673
11522
11933
11825
11596
10896
794
4641
11583
13076
9854
13668
3018
7948
7874
419
4076
13706
5368
5338
3621
1198
10063
13824
5063
2962
10516
13536
6096
9160
2185
14564
6722
1373
11096
9976
15433
2831
7730
10125
6019
7742
2647
6629
12872
13203
7053
5901
15433
14196
2339
248
13233
13908
9898
5705
2003
11849
4358
4743
12946
8245
11880
11725
5059
15386
9338
13639
9357
10284
10341
6553
1709
8260
1941
1490
12177
9058
4700
15433
10759
13260
7447
3342
7702
7502
7310
7417
10920
12685
8382
11140
8162
467
9984
6976
15035
13448
12594
8191
13617
8619
15411
6488
10894
13551
5710
11733
15051
11169
13357
14729
1058
14793
292
1987
1899
10022
9443
9458
12596
10877
3797
9698
1495
4049
14802
8164
2754
13887
11064
4494
11319
3264
10181
9958
6679
13921
8749
10074
14105
3983
2146
925
3157
12723
7074
976
12323
6157
12709
377
12086
8693
4654
9152
190
13652
2316
2016
8381
3224
8952
6868
12875
3980
9583
484
8062
13912
8795
3090
5063
11623
6127
9794
9814
14660
3974
8877
12412
5375
7034
2302
447
15090
569
11269
14048
10732
12986
11458
3928
13339
13963
5181
6745
15433
14015
10882
7727
6512
268
3298
10156
9408
1555
5505
2551
2117
10398
9429
14570
9085
2312
3651
14376
8791
9827
8572
11561
419
7775
13492
858
9930
9128
5785
8272
7706
12236
5122
6978
1059
1905
15369
5469
6554
8783
3833
13073
15433
12683
9417
15129
8872
2640
4705
9010
12452
4837
4328
10954
580
15433
8021
7421
4556
15433
1176
4060
6527
2830
12622
7409
2446
12936
12378
10418
3674
11511
3709
9476
13752
1318
7040
4324
12206
2917
2638
10269
509
13271
2619
7856
9293
4537
6861
6335
14253
12197
9036
11911
1685
6855
10410
12543
10709
6279
13452
5916
7365
11533
5027
2261
3132
1481
171
11494
15217
2236
7932
7557
3884
7935
9717
7398
12274
1586
10948
6236
10283
6884
8429
13572
4726
6890
9234
3246
2416
12224
5127
2924
4939
1549
12337
3678
13146
11550
3441
10175
1461
10158
1798
5223
10989
8145
6795
4470
4452
2352
10913
13003
6636
13346
11665
2098
7874
13560
8729
12334
2713
1058
13835
8203
1062
1196
13757
660
3369
9338
6663
5808
13742
5087
15433
7990
6366
10577
993
3830
8746
8594
10623
6167
7509
10840
2630
11303
8040
11269
12470
9491
14331
9598
9569
12996
6279
6927
2887
3856
8295
2102
15433
8372
10473
1910
188
7613
9060
12858
7660
14716
12766
12614
4109
15322
12606
4101
9364
397
15040
5033
8280
6907
13160
9924
12292
8552
2629
3534
8060
5494
8175
13788
10690
2498
5911
6934
13263
5759
14686
11995
7732
5930
6397
13401
2132
1327
3076
2140
6361
9861
13279
6050
15339
11358
405
13977
10381
14846
2095
7619
4726
15049
8982
2678
9870
2288
6119
3157
5861
4869
10975
1724
7979
13990
5288
8289
6442
2537
7241
10632
12322
164
5655
5161
2990
12413
8252
8474
3887
11597
3767
1820
8213
2552
2572
3410
13019
14940
10523
11925
585
12630
10442
3742
13729
253
2374
8559
8489
13636
10719
6222
10867
3374
4948
14778
7245
12967
6075
4264
14714
4487
12118
8595
5967
993
14666
12574
9085
6626
14336
1929
11649
14220
12510
4706
11267
163
14733
10808
7906
729
7745
1476
3720
5708
12251
14834
1836
11646
11485
14278
4050
14983
12330
2868
14148
7962
5655
14261
629
12519
12295
3663
14212
14863
11889
5608
3750
8512
13757
14956
4494
9270
7234
7857
228
7491
1059
8169
15258
3377
2905
12150
7294
14291
3916
3415
3924
7982
6255
12563
4871
4117
11402
14613
7396
15055
5184
13538
13722
1955
1358
12802
1668
9721
6379
3065
6260
14148
9924
1023
9540
5371
14193
3894
12335
7408
970
2950
3336
9084
10914
2935
1608
11573
7232
12275
7331
3038
12920
7145
8629
3421
14510
10676
14877
9714
2936
4506
9712
10655
5777
2236
2101
7603
12190
15433
13046
2269
7935
7337
8840
629
4350
2829
11995
14752
5008
3008
13201
2762
11979
4349
10120
13744
6880
11421
11991
10892
2620
9598
10766
7683
15412
12632
14668
13117
12240
1161
8990
13589
13767
8920
13702
12335
9780
5734
4446
13987
4437
605
6872
12853
12254
6978
2423
9528
14823
2249
1206
12277
9459
359
3541
7347
5299
4696
11953
2709
3479
3284
1800
10457
9928
13141
3905
6729
11638
12197
3065
8892
1291
9064
11035
14195
2972
9329
14956
4904
8179
636
5699
13593
7957
5267
14667
5896
6080
7617
3129
13179
3493
3353
5653
11175
14021
14484
1468
12530
9032
5446
12696
4512
4912
5103
1373
11985
9822
15433
1728
3369
3135
4733
1730
287
4626
495
13060
7834
730
9293
4773
15433
3085
13523
11033
4273
987
1266
11528
13175
268
7351
1139
8806
10900
7912
1714
7019
8960
1668
12617
15433
15064
6657
3832
8456
10795
15113
15054
11365
6966
9444
6711
14110
11930
15286
14627
10054
719
6459
14578
8490
2478
10732
6726
4625
1531
11226
3725
7747
14433
7499
4593
11260
9701
9800
4889
7427
10829
13452
2308
8527
7826
6007
3757
1555
9090
5139
2219
4206
453
13659
3976
11305
819
15307
10666
8512
7309
10307
12942
10331
14373
9075
11549
5220
4925
2937
15055
4705
9258
3621
13733
420
8196
4621
4410
6228
3119
12186
8805
5035
12092
13921
1543
12475
9571
9919
9293
2939
6771
10959
10187
405
12936
14927
12205
9929
2158
8226
12967
9059
1636
4437
14935
14227
2970
9847
9465
12577
5640
1422
2229
202
9134
10918
8716
13574
4374
9543
9724
14774
485
4695
12788
1059
13509
1997
12125
15348
8481
8874
7942
13766
2914
3483
15433
7159
7888
12958
14983
12232
1026
9209
9851
14931
6203
8610
6559
10598
7851
10284
13668
6845
3862
14970
9355
9506
2306
7740
9782
7021
13901
4055
7063
6268
14910
10840
6077
2565
2308
11049
13803
10898
5288
8295
14833
2656
15386
5245
5404
6255
5221
11821
2514
5469
14696
8177
3129
10450
10529
1722
2345
2806
9080
2917
11484
8541
6395
5437
9679
13118
10992
13075
9593
14356
3471
13274
9507
11805
9742
12268
12891
13921
4938
12186
14572
3975
902
8569
13334
11459
10870
7357
7429
640
4889
15008
10085
3026
10348
15099
14400
5000
12297
6922
1219
583
14954
14982
8252
8555
3895
11911
4342
13865
4310
12165
12575
1166
11603
7887
13263
11086
2751
9509
5061
11030
2538
1962
15433
1468
377
3552
9388
15433
12551
14570
11094
6643
2969
3268
11226
12737
2279
14040
6418
15194
5536
1029
10750
778
581
5174
11756
14175
798
9140
15433
7836
15433
4548
6657
1493
14190
6903
1302
13190
6466
8988
5864
670
6271
9349
1924
6164
310
1415
13568
9921
11222
4451
11822
5376
2867
12749
7661
1960
3700
2327
12864
5175
2966
15233
7218
3403
13427
5093
8485
4021
8089
5361
9845
9180
4557
15433
3511
577
12258
1218
5419
2223
3270
6972
14596
11142
11611
9812
3721
7486
13652
3820
645
6219
6515
397
3516
15177
4941
6266
8936
11455
948
14935
13867
2498
14896
3492
10739
543
13499
12375
14713
5917
5348
7968
6909
15238
2525
908
164
15239
5371
14544
5035
11881
3863
13643
10067
12303
7425
13425
737
5597
3619
8313
11401
1770
10369
12216
11549
6209
8283
5894
9458
2897
7924
11637
9930
2904
11429
6909
8107
12009
13013
6158
8512
7769
10974
8506
11478
10730
4617
14087
8335
7712
1113
7016
5343
214
4482
8274
11597
3177
380
15364
14629
3819
9737
13495
12912
9143
7184
9833
8704
2308
11956
3481
10800
5869
8231
7390
6704
1280
5250
2551
12683
6848
8182
11845
6331
12493
6708
10052
7751
7228
10282
15433
10221
5870
8341
409
14323
7881
8313
14032
10806
2917
1765
8657
2827
7630
5462
11354
7451
4763
3591
4328
10915
12194
7666
5374
15265
2677
6181
6133
3202
1478
8570
14830
1207
1479
13568
15323
3828
13552
13581
1942
12966
1493
9432
3792
7420
7617
2983
13785
2074
15145
14040
10965
15433
3152
14944
2155
13118
8150
896
8407
5779
8293
11655
3714
14323
11851
13641
1580
3419
15291
13264
5536
1281
10346
10765
6400
12804
427
5630
9905
5555
2701
13700
13755
9679
842
10766
13806
7337
8114
13252
983
2326
9366
8775
13553
13722
5255
6152
4890
6655
6075
3401
4644
14968
14126
6301
6643
11122
11317
6819
3479
8252
2481
8840
12417
1219
11514
9726
12941
13441
12854
3351
1630
13003
8868
2352
6960
12854
3129
11188
5626
7370
2893
1907
11169
6114
13106
9110
1485
400
3644
6784
11708
4015
10135
8136
763
3116
3799
10034
11408
207
8219
4828
1426
10710
8397
4285
1740
7949
6369
4551
15203
10916
11789
9761
10345
3140
4068
6738
3033
2537
4880
10481
9287
7780
2763
1708
10109
6198
11962
15433
7563
6878
12920
11871
3778
12298
12185
8436
11701
7235
13535
9599
8037
6696
13595
5735
8148
2062
13749
11441
9904
6568
1622
6968
222
6325
11455
9353
10181
3287
9631
4098
1799
5068
13580
2509
3740
7744
6408
6704
8417
11264
10908
13390
13896
4120
5989
9450
5321
10494
4001
11497
706
12311
12543
12216
2016
10746
11936
743
6099
11940
4880
9758
14105
13828
15189
11172
4049
13767
4764
2002
6729
4844
9359
2312
2636
9862
14496
11924
3477
8354
12801
11956
7828
14840
8409
571
1438
6576
8580
8970
14973
10161
14519
5184
12957
12150
7225
5349
6474
9314
12584
11601
7619
5770
7237
10189
2795
6556
14105
13526
908
171
7493
4076
11747
12915
3558
6218
1454
11629
3614
12036
14568
7890
6032
6611
3545
8569
8659
13440
1812
5854
10598
6229
4719
3741
259
5113
11122
8948
13791
7648
7646
11255
431
6159
8662
2466
13165
2833
14570
13460
8167
9472
8408
7429
208
920
186
12734
11636
5690
12920
15335
13571
12082
14608
5912
7431
5306
8638
6067
13773
793
14836
3416
10027
10508
11051
4072
5637
431
15396
4547
12398
5786
14213
1058
2123
8688
1495
11475
7162
10032
14089
3849
4082
10514
1219
10320
8708
10124
4204
15195
6359
13971
9562
4782
11072
13721
7747
9813
15060
6460
7668
9361
2369
5453
1433
8342
10725
8186
8931
6429
3535
5965
3908
13773
2507
2957
9093
13725
4400
12313
6254
1369
9298
2050
3381
8309
12274
4373
6002
3319
14606
5590
7537
13451
14120
3695
12266
14402
12277
4363
1105
679
10442
6918
1561
15296
2528
14968
10883
10117
11335
7125
1438
12194
562
7241
6236
9609
15037
3799
11615
5583
1899
5963
2420
14800
3871
15027
7420
14893
10877
15070
12324
9825
685
6934
782
2786
12593
9058
7940
1142
895
9377
12798
6714
14228
13326
1942
10187
8675
14227
5643
12208
9775
3122
9404
8063
10538
11130
14307
4128
9314
5944
588
1006
8661
9556
6401
6282
9903
6913
633
6719
216
11137
8074
7347
4502
7395
942
8315
13753
12441
11903
7339
6696
5952
3778
12551
2291
13334
8920
1269
1004
12157
12461
15040
1987
15029
5380
5945
3232
3839
4017
12268
7330
2907
2538
3751
6298
7267
6154
3663
9419
11303
9759
2332
7715
10128
14141
434
4304
5593
264
9225
14407
4495
9991
14793
8442
2136
5998
12400
5369
11013
9861
6818
1523
8551
4511
5683
3282
14039
6756
14580
11988
13295
8978
14281
7174
7892
5027
13641
12165
8025
15426
1151
1167
200
2385
9674
14389
2299
8778
11617
1856
10187
8767
15433
11426
11892
14081
11731
9595
6941
3457
7438
5567
15371
9839
5648
14198
3200
6437
3825
6225
4965
10347
6362
815
716
202
14466
12323
4737
13711
2506
14408
6825
10198
4320
3695
13140
7126
7351
5211
4808
622
2931
11122
7735
8963
15051
6736
1440
14667
9058
10263
2204
942
11305
6525
7322
14678
10132
1289
13791
1736
9557
9921
7237
14952
11507
13637
6451
15433
390
422
10322
3063
2624
8569
15386
7116
4161
6595
373
12824
13536
14532
11794
1341
15370
13506
4044
1576
14540
9410
9858
12782
10103
13773
14696
7116
7460
2401
13902
12259
5716
11493
12387
3499
11967
14272
4958
4074
2032
11962
4853
6825
8030
8108
10739
9914
317
11453
14404
5673
10386
1669
11405
11847
1730
3403
12274
6597
6943
14110
8213
11385
14939
10234
5980
8999
12230
8122
12603
10236
13499
1343
7785
897
10517
12298
588
5840
5267
248
6270
8805
8675
12809
7369
4019
7236
14532
5871
11083
10952
11327
1591
12642
2035
1633
7705
10074
11903
557
1415
6446
5356
9025
9857
12209
5690
8225
7658
10710
14004
3184
13055
9392
13995
7581
7753
14064
3521
7290
6582
3609
1838
8407
3714
13708
4988
11739
1290
11017
15098
6461
11497
8922
10825
2312
6635
15284
3597
8758
4896
1543
192
2585
5959
3416
12593
4304
11859
4049
3875
5027
3712
449
10473
2430
14126
315
1514
631
2837
8564
8298
3617
7954
6492
2655
12145
6459
4806
2580
8599
3347
6366
763
12691
15388
979
1210
4871
8302
453
7175
13249
1697
4013
2011
6000
10814
1946
14280
1007
6105
2741
13648
6304
1927
509
1655
3685
940
5624
9815
6840
9628
2549
264
7145
7147
3149
11903
3975
5229
1233
5057
5899
11713
10782
12694
2510
3745
3692
4273
6395
11080
9674
7556
5865
5676
9393
761
14106
3405
4675
3467
3660
13987
2478
5630
2935
4046
11434
4413
7221
2038
13463
4349
5543
13512
499
184
6157
1139
5877
5681
12195
5162
1775
13958
6580
857
7611
5999
3928
13947
2017
5267
258
3829
15433
4726
10612
1928
12211
8335
8480
1807
1057
14965
11920
5307
5068
2918
3243
4846
15433
6723
14107
7408
6158
2161
9715
14848
10473
669
619
668
11365
3625
9881
3872
11164
4223
4086
5216
7200
13572
9969
6282
9943
543
8380
14770
6655
3532
7994
8580
11634
1422
8748
6867
7518
9958
11550
1607
14981
7475
7570
9581
4049
10068
7815
5864
6617
10379
2958
7734
13539
10461
2102
10011
3863
8122
5078
1629
11325
15388
4596
8138
3407
15433
10614
14217
13690
14220
10788
7967
9181
1997
1449
404
4905
8628
7564
3187
9838
2305
9370
11120
3870
2950
1011
12455
5044
631
6243
4910
13692
3211
3129
7174
1481
740
13052
13401
10406
461
13393
2352
7101
2409
3210
9624
3354
4130
638
3594
12866
2086
5148
3794
11049
7277
5970
7566
467
12652
2123
10959
10619
7464
10649
8050
9569
9065
11436
6972
6955
2286
7006
557
13715
1155
14760
191
7429
13142
10472
12824
14281
11583
4731
15184
9946
12760
7729
12446
3288
9318
11891
679
6553
6218
985
14464
726
15029
15027
3412
9915
7570
12935
8083
5708
8485
9471
8039
4871
3184
4627
8315
3264
4444
9582
13424
9462
3787
1289
14560
2498
15433
6046
5318
395
1382
9598
2610
14699
5964
14388
13675
8669
10730
6667
3651
8619
3416
2109
9809
11985
8191
13241
3930
9915
4476
5005
14217
4502
5872
1386
3735
2739
2101
1003
4292
2261
8254
1781
12414
7566
13347
13153
11891
6124
8260
8743
4414
8813
15433
7748
13749
14596
6713
774
2008
7292
4506
8302
9848
10803
4130
6922
6363
12249
5513
13675
4437
3920
10893
8661
9909
1424
2218
10818
14464
1319
4581
2189
13031
5548
10447
4876
13741
9088
4873
13682
9010
2788
5612
15232
8806
4877
14714
11979
413
12122
9409
8807
12309
5047
2815
2547
13006
10155
13710
1849
8481
13585
14944
5997
15123
7107
11215
1533
12562
8892
7145
13860
14128
10222
3706
1705
9847
12655
10591
12134
1791
3076
14453
15419
9901
7642
2915
11615
3811
13874
1133
11328
4924
12655
978
404
5114
6966
4550
9418
1661
15433
7796
7971
14662
5175
9122
1485
6900
3544
12146
15433
7225
4064
9332
2539
14283
7223
13177
1348
13052
7541
2345
5118
14583
15433
3817
11456
5417
8836
7829
12360
12255
638
9344
3048
6704
4430
14087
5021
4890
6878
6783
3618
1787
12497
2558
14752
7597
11633
3291
6282
2964
14195
3081
7517
4963
4178
9869
2893
3870
12740
7326
2306
2446
10596
4743
11583
13304
14830
4351
966
2463
8152
1317
11083
5933
3444
12605
12965
7211
7037
13263
15019
6620
7795
12385
10778
10848
3222
8122
5476
8721
7745
9000
4901
6943
11473
13775
10569
3586
2453
184
8252
11785
8525
10032
9410
11903
3681
3457
6631
13344
6198
11531
13526
7162
8053
4157
9628
13230
3916
11689
8416
12399
7603
10920
2261
15433
8542
3457
15296
8271
11922
12156
14222
3477
5676
9464
13096
6784
4777
292
446
12732
6194
14851
4104
15367
6144
10674
13472
12871
1918
13653
11130
5757
6515
6125
13268
10738
4891
8942
2155
10331
9415
1117
14110
14287
12972
9509
14064
9026
15232
13401
14436
13776
6591
10127
11154
3757
891
1375
2082
4975
7387
6529
12913
2465
519
1644
1694
3946
6279
10955
14605
7983
10362
12749
10863
3803
15309
3624
14330
1385
8982
8619
1524
8999
14015
6994
7252
11831
523
11863
7104
9914
14838
7182
3388
10972
6878
4364
11431
15433
3557
5399
2314
14930
3721
5361
6927
13777
8719
4259
2344
2914
2961
14396
10067
1572
4080
7780
9513
1902
2903
11817
14707
11507
2830
13297
6851
9191
10442
14083
5058
5519
7408
14530
12571
6301
11830
11628
7373
2147
453
11271
8755
9090
13601
7912
763
2344
13386
5078
12185
12867
11057
2861
9513
983
8619
4689
15218
10182
8167
1313
11522
10959
5679
9809
3330
498
14061
271
12496
2920
5907
14466
9388
11539
13613
13495
3801
2397
10804
3854
14418
458
14466
7718
8588
2369
8553
3681
4099
9784
9552
6410
7489
11797
1866
10180
13773
7339
5027
14566
2205
2239
9754
3368
6742
4693
2803
14883
8934
445
5398
1039
14048
1684
4803
14704
7333
11485
2868
7574
1718
4335
12801
4706
5334
13942
14676
814
772
2669
14794
3552
5806
5504
13613
5082
2969
13486
8062
14616
11639
4957
15431
8846
2218
3183
10782
4251
6049
11355
13401
5623
6798
3738
2815
14606
11511
2306
12012
7252
9442
9263
15258
3499
10254
10030
14927
5518
11160
6479
14651
7982
628
12940
9254
10068
7691
10860
2511
5799
10306
775
4507
13617
5431
9340
7191
7212
229
14374
6331
5701
8075
8684
15014
2186
5113
7850
10405
14299
6729
1543
8084
11068
5965
4444
2620
895
3235
11968
2528
14969
12685
5617
2066
5863
7587
3076
13036
13956
11084
277
760
630
8814
8146
2340
9371
11423
12085
8870
10724
8459
11729
1939
7033
9889
6716
9174
9583
13898
9350
1495
12309
8280
1319
11573
13087
7958
1455
3172
9400
12379
5642
14142
1922
13304
14251
11355
3865
9386
11556
2340
6072
10488
15191
4589
8099
12027
4695
6244
9173
5917
4126
6359
2565
5916
14941
6745
10546
1932
5769
15172
12344
12641
6040
9072
13179
1714
1531
12417
10589
8293
14704
3155
12387
7330
1858
10034
11370
2308
2025
2350
9205
11628
5694
3662
4355
573
2668
4091
2662
277
15232
500
8152
11766
13698
1738
15239
14916
12124
609
7772
3627
10635
1714
12415
11251
8945
11665
14982
11084
12204
2983
11748
11562
12952
6383
10704
6381
9281
9462
13697
14742
410
10623
4084
3323
1036
1597
8474
13895
1697
9966
465
1960
3043
12995
4479
15397
411
12878
9218
2123
2655
11814
8121
10127
4992
271
15211
4056
7770
6767
9314
6461
3951
9956
5341
11684
1376
13380
6824
9111
2917
9689
3116
1574
13681
2120
1740
14485
7706
9593
14973
1373
9349
7660
7328
14054
10119
5786
8315
9177
9257
7331
3149
11353
10766
5912
8716
5008
4098
1797
9538
1578
4643
9419
8775
4006
1164
1244
7102
11641
5050
8030
12004
2551
5407
6409
9425
495
3707
9954
5891
10887
6298
9360
5812
5845
9513
8220
10163
416
4978
7603
4824
1570
3634
10284
11068
13557
5246
12375
15166
888
6455
9704
3812
12358
8645
13047
7462
219
4677
6398
424
3371
11844
13616
1698
4823
7915
9151
10059
14822
10783
15238
6620
12739
1574
10709
10883
7618
2983
3091
4415
8072
8772
3618
3477
4607
757
3717
6713
5964
15433
13027
12264
6470
10668
3776
10255
13262
2100
13031
3733
5299
4596
10315
7842
7822
12768
11683
8242
13492
8680
8570
7912
11315
8638
4371
9776
2114
13373
13204
2566
6133
5453
10111
4620
2683
13627
3854
11178
6400
12586
1661
13246
13503
4739
13973
14608
10346
10162
10731
9333
8390
1019
10561
9210
5052
1487
942
7934
6626
14234
11944
10475
14349
10193
13038
15266
12076
366
1252
3242
10703
10197
10145
13538
12150
10369
3671
9761
1466
14464
12896
9775
2739
935
12309
15433
13446
11930
10890
13240
9786
6070
14597
3714
11616
10165
6943
12632
1894
7268
10571
10306
15119
4644
12951
5757
4301
7442
2339
2066
13052
2506
2805
460
9633
1497
4710
11040
3924
8166
4349
1440
5594
9791
5019
13208
3744
6225
9540
6503
12121
10102
10223
14540
14268
10445
2824
5211
10709
5008
15292
12177
15188
2515
1323
13439
11319
6080
7748
2418
2176
9772
15266
2718
6439
3588
10074
13895
1531
13737
11042
3163
7162
13650
14943
5204
8391
468
3865
11632
13667
1699
11187
7675
12666
6500
13054
11175
15333
10918
14402
7002
4969
3750
3861
5094
4907
5439
8603
6499
11160
13401
548
3976
14506
15386
11780
14570
12032
15121
3794
5331
10434
6626
4082
8820
15367
4117
3882
3738
6718
3601
4707
10926
13382
1833
15292
670
13613
3974
2804
5590
13574
9714
9554
12062
10440
2125
820
1005
7370
1463
9332
7532
7750
4770
1971
13840
12984
964
4358
4655
9332
3670
10882
7874
1284
4088
9825
9435
4048
4526
4901
4770
5779
5853
622
1308
15000
1016
312
2671
2969
10518
4998
9347
4508
5606
8486
10659
9582
11172
8069
2869
2302
7257
4410
15433
1820
11728
5513
12951
4356
2243
12251
7348
9569
4394
13376
12888
10439
11995
13306
5546
10175
7335
333
15411
13429
9546
11704
6066
7719
428
6124
5519
8355
4438
11717
1756
9910
10879
667
5117
1090
1713
13593
6879
4056
2341
7159
1296
2018
12290
2612
14410
9869
8236
11633
8066
13733
14857
2916
12829
15375
14032
13575
3642
11432
10009
14002
1597
1906
9927
6323
13203
9337
4799
9551
2158
2485
216
13688
11160
8866
15210
10581
5955
12238
5457
4912
7235
8030
10792
7286
7890
13314
858
4212
4376
6023
3863
14715
10111
11313
863
11234
4459
6661
12417
7501
12397
13111
14972
14227
8059
10105
5818
10934
9593
12605
6509
1756
3184
14021
292
5759
7249
2735
13834
2398
6752
14533
14704
4012
2013
4432
9102
1672
1880
12762
14861
2942
386
4702
10531
13046
8885
10580
1936
10542
12369
6023
8146
12993
14867
13071
14498
9550
2401
15388
5595
2831
1021
783
15100
8260
1624
495
2904
11481
5829
12112
792
5900
7012
15330
6466
6868
5341
3218
7889
13921
4553
14464
14281
9631
10314
11334
11354
2221
1140
686
1538
222
7659
12811
4711
11778
11713
3140
714
13091
9772
3997
4824
13622
1398
11178
5347
9356
5848
4644
10828
1338
9433
11797
9930
8114
10079
12276
3359
9853
6815
13870
14772
11994
14154
251
5218
2950
14328
14270
8452
15160
10355
2590
2907
3464
5129
10723
9951
8582
7607
8459
465
11368
1481
6519
10749
8307
6211
1189
6784
12501
15409
2140
3389
638
1350
7610
11245
13093
6049
2114
3116
7780
12812
2032
12673
8277
10347
14335
4633
7278
3397
7436
7145
13695
6611
6989
3392
4596
11870
13693
7992
4204
3017
2374
11064
8138
7706
6341
3482
15090
1114
8582
4666
3569
7212
15040
11068
12059
1737
15123
4510
12734
15347
7097
13183
13487
5864
9501
1982
12485
10449
5409
7052
7463
14807
7884
7410
13697
15001
14880
806
11044
5922
2579
10111
9822
14567
1319
5118
3376
6611
14720
11994
727
4804
2143
5547
6996
9722
4270
10789
5619
7118
4143
3425
10943
3100
6107
2508
683
10934
2405
3511
12585
923
8797
12376
12078
1944
301
8221
1446
4912
7744
9095
1898
4595
12481
3924
13621
15205
13904
3195
10017
4519
4531
4853
4770
11088
15398
15433
5737
1099
11134
1833
6694
5666
1219
14253
7143
1140
7615
7563
7744
652
15433
12238
6464
7774
12251
6034
1044
13686
2879
12995
6090
3352
6435
4673
10783
2558
3560
10380
14491
3268
8577
10105
4605
8335
9776
13995
9812
2582
9572
4529
6599
15144
8492
7772
2026
6006
15328
2033
7377
6784
14581
7556
5519
14774
14823
15016
13993
449
10626
9306
10161
548
1407
2630
14231
1961
4358
13305
3784
15300
15313
2723
9449
14713
2470
13164
11005
10398
13696
2115
14211
5063
10624
1247
5992
9761
1575
9370
11426
4079
1051
12605
10371
14545
12673
3833
12235
8673
14571
3750
4257
7772
10948
1597
2387
7668
4687
10107
3484
13149
6860
11583
6400
3146
2115
1952
6326
6880
1385
12999
4069
2650
12796
3320
6059
6977
8446
5549
8973
5440
12977
14950
14298
2105
5245
3357
8731
8836
10081
1196
13086
5414
2950
7370
1709
11251
1631
13731
9461
742
3663
5642
2025
14113
5593
4812
14280
1290
15277
13451
10182
12473
4442
7711
670
3421
12064
2775
3186
15006
1173
5741
4853
1500
6491
14407
2288
13119
14379
12148
1090
4852
6847
5220
5663
12256
9095
837
5683
5397
4879
6726
13570
11717
5952
3415
10054
14176
11233
15433
12199
6911
9745
4849
9369
6722
3865
4647
5812
6745
13884
660
14314
12982
7326
664
6657
9921
3039
8246
5476
14270
9140
9475
1946
3505
13666
6745
11355
7107
15093
2558
11596
1716
14146
988
14161
10948
1203
11572
4908
5706
14103
11683
1395
4659
1489
7945
13201
455
11204
4331
5342
2861
10715
1902
2161
4456
7660
5519
12691
9419
679
3299
6476
8871
3046
10848
15118
12804
2055
3716
3482
4595
11638
15433
13119
10399
7438
8682
4308
423
845
10464
14907
10320
13538
1388
5100
13523
11269
9811
11051
647
11424
1014
8707
11928
4304
14889
1497
6429
12782
9107
7858
10450
3618
11494
11694
10709
13483
9600
15254
14846
5433
9802
14393
10587
4870
10371
14840
2992
4094
13332
775
3448
7385
4626
1046
4156
7745
6020
12303
8106
2280
6851
9989
1714
8781
9119
15055
2886
7712
693
4373
9901
3567
1909
10188
12356
10717
13753
15429
4160
13288
3090
552
5234
10040
10204
5302
9080
13003
7036
11717
12150
8191
11048
4453
1327
10145
13519
9009
12867
2940
7159
10417
13491
6204
8619
5921
3202
12446
1019
3716
13300
445
5546
10418
12241
4169
11437
5589
7220
13338
1567
2005
5134
5443
9838
202
3202
9816
7732
4790
430
10074
11421
4128
8580
12440
14941
3976
14831
13538
4218
5163
6267
9164
11305
5446
8452
13111
10280
5321
846
11975
1740
8817
5419
983
3230
8268
6008
5296
8397
3795
11497
12219
8077
10608
8179
588
2879
2057
10706
1081
13247
9084
14352
14101
809
3374
3287
8776
14373
3626
6480
5536
4392
2206
9737
2830
9077
5798
8970
685
1580
1062
668
12348
10860
14999
13120
5792
6535
5139
13001
14877
3179
5935
10272
4637
1871
1495
12248
15203
6529
8766
15433
902
14029
6255
2840
10535
8220
13307
1601
9993
4824
4938
2563
1865
4247
10304
7856
5506
4641
1576
4276
6507
2401
15367
8901
8142
6489
1476
10724
6411
14848
10886
5542
6658
14749
12782
6655
8689
2096
12371
13248
5548
413
10002
3976
13829
4200
2885
11321
5132
7711
1225
12845
3135
1438
8830
13483
11315
4055
7815
3322
5241
1987
9839
1347
12497
8830
4849
2192
3414
10323
2386
10804
9234
12562
13829
5627
13855
2314
7818
14599
6529
14228
10563
5245
3345
1052
6610
583
12011
8768
11253
2601
10906
13039
6861
8570
13203
12235
10183
458
11233
4804
5358
5782
7134
12312
1392
1029
14024
12017
1090
8862
14014
1487
10379
11120
7125
6769
5319
2941
8788
1076
6036
10708
5901
2506
11705
1987
3808
339
11143
2534
4024
4659
5666
4355
1139
993
13402
609
13365
1579
6900
2089
11565
1706
5347
4610
15433
542
1415
5371
1093
1145
9903
15204
9828
6941
12690
11377
8948
9683
15386
13152
952
13538
13316
14060
7883
1535
6784
13527
4440
6955
10947
9977
2495
6466
9203
11478
203
14195
4884
14577
6772
15308
3895
4462
5257
11962
10726
7655
2755
15189
398
12275
9475
4777
8730
6972
13790
7106
12411
4058
1597
1422
2597
7822
14876
1756
7184
9862
6256
2537
14659
11705
6148
12412
669
14616
6480
12875
9246
4311
3211
5824
13835
14288
5632
12115
3292
12185
7503
13910
14361
5997
6757
1277
15388
730
850
4626
9262
14070
9629
4456
6593
14522
7226
6531
8592
10127
4017
4808
15040
3698
3769
6232
5740
12581
9727
5018
9556
2558
442
7983
14787
9547
12511
831
14572
7661
5272
4084
13972
12863
8550
14205
6440
4223
14887
7413
15433
10888
8619
13140
15356
9234
426
2937
14930
4289
2966
15433
6690
1802
5907
15032
13408
8335
3369
9146
13578
2730
1728
1921
14046
12309
14491
4293
5118
1482
4074
4174
7135
11465
1131
9913
14847
2362
1831
985
12313
8499
7552
1494
206
9337
9802
15433
7515
1438
10913
3864
705
10189
4015
1813
7252
14498
1806
1321
12501
15274
15090
15429
12649
8709
3068
2966
10223
10473
4435
14491
1766
6316
5123
7323
11344
14750
9065
10347
9583
11048
2829
12653
13562
12062
8349
13685
4814
12219
2519
10850
6757
3471
6722
12150
5688
3988
5437
821
4134
12485
10116
12559
3908
13583
7020
12818
11435
3020
8920
4522
12452
4088
9008
4928
7159
15433
9355
14736
13112
5559
896
8582
9846
2206
7984
6827
10601
12280
13029
8825
15343
6482
11001
7857
5046
3673
12399
5548
1857
10538
15172
13263
2897
5471
3797
9787
11596
15433
14503
4901
2972
11750
6466
6743
4017
983
9091
11574
10792
1953
191
3176
5341
4172
13686
3617
2163
10398
6824
15433
6582
10165
14468
12635
183
5845
12425
8145
4705
8692
10544
1131
14435
1434
7237
1735
15380
6005
6196
3819
9292
495
13658
12274
14590
9048
9367
2742
4421
12689
14493
2237
15272
15433
4851
14324
11838
1823
13693
9962
3403
10598
12863
15433
14827
10992
12479
1575
11584
5023
11799
14907
13038
13693
13729
11539
3188
12985
13833
5422
5469
5100
447
3460
390
9313
3115
2049
1114
11036
8246
8059
14278
11426
2958
4371
10389
8419
10912
12515
11459
4578
655
14952
14983
380
1639
13139
8001
3571
11555
13400
4460
6049
15356
8793
977
1791
7199
9218
15356
14228
14382
12844
9974
9029
5317
11309
11631
9058
9747
7031
1902
6379
7445
6496
13730
9491
4425
11566
13112
2708
8411
2272
6196
2817
1883
12561
1958
1890
9652
8519
12670
15062
293
8570
4273
10320
2985
12945
7834
9425
7398
1505
1082
10619
13778
8205
10852
11332
4572
2308
5215
14801
2038
12795
2722
203
5518
5272
7676
5945
13298
4174
7890
5649
15433
6104
11709
15292
3864
11401
10706
15423
2619
10448
9067
10754
6249
191
3160
15218
3557
11245
11245
8886
9507
2917
4259
4247
4510
11884
3291
10889
10918
9958
12251
6618
779
9152
5174
9110
14283
4328
4949
14087
1007
805
625
14840
11618
9810
10242
12244
10044
12533
8081
943
5504
13164
11147
9797
10909
708
8219
1666
9865
7810
7148
886
4085
2483
10381
5743
6682
12860
8100
12356
15310
1387
8108
11936
4967
14388
14485
14070
7331
2189
14626
1393
5220
6626
4647
12666
6439
2206
9346
5381
11261
13453
2123
3976
5124
488
5026
5247
2097
3975
6764
7339
11751
12827
15433
9584
10236
8308
3566
8306
1521
1361
4341
5515
15433
540
14662
7532
7292
13065
7333
8985
2717
11939
14193
6050
5708
4512
876
1005
12415
15433
15049
14587
10960
14205
5938
7507
513
4133
7116
7692
5065
4444
3147
10506
5645
4318
15082
6678
10634
7662
793
12072
2385
14813
15419
15300
8485
6637
1131
6910
2592
13775
12568
13263
14579
8775
11995
6851
2200
15209
1434
2559
12429
10813
15016
11459
4608
1799
12391
9176
10014
5018
12170
6067
14393
7938
2505
6989
10508
1219
14555
6080
9681
14095
11623
10846
3876
1544
11606
8159
12614
9600
12397
14600
7294
13643
10201
7962
8480
10308
12026
6805
2297
6754
14164
7850
10797
1058
7717
6546
2030
11931
15433
1780
8988
8381
7983
7212
10604
13791
9724
9891
7796
2103
13320
5853
13604
13611
14445
11355
9386
13758
9789
3195
4342
669
7641
542
10540
1106
14871
4188
12617
9286
4049
7982
2947
3644
6314
1350
7490
11547
10403
6215
7808
583
11298
7591
15433
5008
13040
9995
13633
8893
668
7358
9599
320
10720
6757
5423
13380
892
7473
1422
7634
14452
4673
3426
4091
5617
11425
11215
13452
15123
6439
2176
1234
2165
11168
11633
431
9838
2985
10359
4153
4643
11430
11865
2350
9356
4410
9956
4128
9350
14824
12766
3585
6035
15386
12527
13966
15341
12185
5689
6548
9569
15090
8429
13458
3084
14377
651
11364
13183
12906
7916
7949
250
1087
6460
1266
7913
14816
1738
8617
12450
8230
11780
5708
8308
8542
7549
10637
2955
2017
8964
12547
966
15433
11979
395
11455
5615
11728
14245
10233
2066
8791
9805
7949
13686
7780
9753
682
14414
1298
11116
11795
10829
10880
13046
13136
13571
2674
8771
12118
1295
6383
5341
13571
8656
10469
3656
13522
8787
12174
1710
13089
4240
6019
9231
8855
3564
13452
8412
458
993
3007
5585
14158
4661
13123
5468
9090
3210
12688
13585
7665
7241
13856
5082
14179
1817
2011
9461
2025
1090
13668
6825
6298
10339
14783
12162
15433
2957
6395
10569
14658
2083
14369
982
6220
15433
13164
12381
11599
687
8923
4254
12417
11722
8557
7271
2350
7615
12204
14608
8430
7330
8369
2782
9462
166
3751
778
14477
13310
9631
12096
12407
3805
12013
5445
15418
14698
1157
10724
14794
12275
5844
10331
13519
1311
2924
5456
8755
608
14334
11561
6530
6572
14761
1170
10013
8978
10899
5523
9152
2815
9945
14204
11415
15433
9599
1369
4410
5972
6762
12039
2115
7131
14760
8730
10840
5306
10724
5387
12400
1929
3174
15433
3547
657
13639
12739
1387
271
12154
6868
404
14196
3847
983
6229
2736
12818
2852
12232
395
6355
11415
5197
3703
629
5098
7826
5091
1709
13667
3976
5932
8945
12466
11705
3939
14522
10254
4496
10562
15109
443
15334
1579
12611
9555
13939
14087
6726
8443
9701
7027
4321
6395
1385
428
6777
7170
8775
1151
2975
7751
14779
5368
649
9358
13639
11201
3459
13963
9396
14608
6562
4856
7049
14576
7366
4086
5886
10712
11332
12913
4794
2873
6540
1812
10538
8475
5075
13322
14910
12798
6279
8874
1557
3075
8470
8201
13964
5868
6073
2350
627
11094
10646
14568
9140
4912
1069
763
7643
6195
13277
12974
2178
14018
5153
7895
12608
11441
3833
14276
8397
3001
1534
10059
14115
14462
12580
10357
9954
9158
10462
2460
1518
4600
11355
3672
11557
11300
9292
4058
4498
7228
10784
4535
513
11972
1488
9392
9479
14037
13263
11535
9303
8619
6005
7812
4374
12951
12698
10426
3976
1579
10178
565
14661
5229
3157
2121
1492
14522
4677
2143
14941
4486
2528
5386
1736
3156
6194
5662
14224
4619
13330
11149
10458
2456
8930
14156
9703
15433
13892
7123
12012
2804
13571
3489
4023
865
6331
12874
9065
251
2134
2306
14532
10558
13971
14978
264
7309
1419
14907
1206
10027
4398
15392
14485
11568
11000
4007
4647
3137
6298
11083
7301
1364
13668
248
5854
1771
11519
6848
439
7822
12154
8095
11343
1445
11997
10940
7308
7252
3607
9112
11996
13084
5909
11258
9064
9131
14595
3534
10893
6298
1148
11549
8840
12115
4065
5514
10832
8423
2837
11174
2970
4451
1066
11335
1995
2869
8642
2693
12202
2852
7940
14561
14445
4126
13474
11575
13838
2859
303
4049
9630
15354
7806
10603
8355
11385
15141
5470
7162
11171
11154
3621
9842
13090
8648
12455
14996
954
14644
11327
14715
611
11152
7134
2747
11521
8136
7135
9136
3428
4373
4870
12499
11385
6827
9474
6169
2597
6239
5543
3760
5862
1718
12031
13053
2735
12302
627
9264
14512
2165
6943
2475
11985
6896
9009
1021
6183
11563
11636
13729
7817
3830
2723
7157
15433
6437
7934
736
9287
3064
6521
696
11781
9722
7887
6557
12600
13455
15074
10405
10742
11979
6563
11351
12533
10358
6466
7571
13322
628
8400
13684
8891
1727
500
15433
2691
638
5090
8152
4012
12041
8476
11154
12217
1402
920
5696
7940
7392
13139
7902
14381
13583
15313
8411
11474
12419
488
13480
800
3622
11831
14234
2026
5420
9828
10139
9467
11311
8030
2097
5525
3356
9814
11638
12305
3300
5920
15022
10795
2817
1958
8219
10728
15433
6027
3527
4665
3856
9723
2592
1373
8428
15354
11911
8512
13036
2237
8587
9956
8037
2013
4138
13823
8746
12994
12659
9696
7137
12531
2545
4355
12840
2948
8438
2826
6260
6049
3144
12793
1901
11837
9483
8487
14944
14774
6266
8978
12943
6800
2134
15433
7429
3634
8609
6736
7950
1740
8238
7673
10119
10347
14445
15069
13486
2305
6158
4363
5123
1485
3405
11402
6242
2470
3616
15433
15433
2049
5087
1783
2115
14744
12355
12236
14186
4620
713
10016
10645
6125
5245
9059
10575
4589
12699
9989
11527
5513
6020
11625
8874
5000
12561
14376
7218
5440
1561
8868
9814
3738
533
3297
4334
2297
12003
7968
4049
4547
5879
10231
331
2025
11047
7808
13075
11890
8455
5984
5779
13080
3021
11795
13485
8271
6381
12150
11748
6784
5020
5078
7280
10800
3818
12274
14018
10154
3957
6368
14808
1434
10230
4615
11497
8603
1422
409
12470
5295
8618
14778
2908
1415
13726
15258
3843
13806
10132
7051
11538
2843
4485
15323
3105
393
9104
2052
10152
14791
9937
8473
7532
241
4900
3580
7814
1309
13894
9799
213
5045
1862
8717
11903
10673
13423
8397
13738
2064
14993
13731
7310
15093
1210
8464
1468
12065
9513
1972
5676
1201
2594
7733
5087
11367
6049
7643
8145
4700
15099
954
12767
11355
7390
5848
5288
3785
4589
7053
9491
9654
11793
15169
6922
5735
9570
10215
13220
6330
13725
2554
7650
5081
14450
13583
2006
11992
5320
6780
14087
3586
4487
12714
340
7958
8831
11335
3535
5283
8669
7019
6932
2925
2026
12979
7712
14403
13816
7869
3116
12172
6936
13133
2795
6430
7822
6545
5630
12043
14932
3254
14571
12878
3347
10915
12766
5397
13942
5122
15433
13697
8705
7887
9444
1633
3291
11267
6284
8898
15121
3119
13999
10284
6093
8988
7806
6766
12008
4306
12544
6704
5247
9181
9055
5347
7994
4132
5145
9814
5216
14319
4934
7119
446
11952
7974
7164
15312
14058
11097
410
14185
12212
2575
7420
8809
3796
3837
15137
2361
1401
8579
2541
13541
5864
6486
1343
5708
6610
285
13503
1832
9473
6999
11285
9035
4907
268
2315
9881
4528
9119
10789
7736
2784
13774
4285
4388
11921
1358
4153
15207
9530
5998
6157
10210
11979
1729
1549
260
6152
5123
11133
12249
15240
11617
12568
6825
11197
12496
14070
6418
11294
604
2851
14171
4335
6847
11529
931
12977
6701
1660
14105
6839
5267
606
4086
7223
15049
9422
2458
9036
6777
14531
3911
6298
10595
5634
10797
7063
13327
11130
3703
9797
11378
4688
14901
216
2176
13802
320
1654
2529
13781
4499
390
1668
987
9895
5438
7159
14087
1585
14793
3202
8451
769
2439
6413
8965
5149
4091
5136
3685
11892
10571
11052
14866
6272
3635
13376
8919
1740
7203
1620
2824
2540
494
1141
9507
14264
11815
9214
5175
14037
11683
14417
7310
8788
12028
6784
14581
15051
14247
10444
5725
7698
6820
11355
8485
7074
8687
5594
10021
251
1288
6453
4458
12207
15160
1865
12973
4233
7957
3095
1902
3222
1302
6880
10644
13941
9110
9721
11536
6098
12996
793
10474
3803
7785
13518
11305
6495
1968
268
4959
2752
467
1492
15051
14317
2035
14794
8974
10687
13620
14953
7191
8088
5246
8786
14022
14468
5952
4998
5406
2306
600
12842
11991
12229
13087
7613
5463
9620
512
14011
4088
11233
8580
5715
3157
11158
8970
14021
12370
6196
7706
6572
6466
7411
12802
2466
14376
3399
4044
15433
11771
8939
6293
12367
14327
15064
9287
310
4830
7689
10523
3056
14272
14405
563
8292
14796
13886
9134
12622
5735
2813
9354
8996
6001
3601
5122
4907
5053
15433
12006
4937
4739
3785
12708
5633
13774
15251
2988
7563
8274
10462
14025
11579
12230
15433
7516
11566
3588
6729
8766
9151
14766
14156
13755
1396
11343
2000
15335
2805
8188
10359
6800
15239
11634
5353
2699
2804
1748
8067
12500
15242
1656
13938
7383
5515
3763
3026
5001
14110
5282
4304
6360
14156
8798
13055
7077
5950
13159
14004
1477
12357
3021
7929
14670
2055
1890
2321
12356
12732
8794
13322
10514
13149
13164
12501
2483
4161
12814
9181
6868
5669
5981
4116
13549
4840
14400
10993
7571
10469
5813
3182
2467
7917
14597
14968
11531
9594
5728
15365
1710
5518
5114
11239
14881
2393
13499
12798
11426
8408
5041
4644
15249
4544
4091
13277
15295
6778
9396
2312
13002
706
12642
2941
14827
4249
10531
5376
9884
11615
4958
3724
4085
7125
359
7957
9668
6597
12454
10282
4299
5600
577
2889
312
4442
10754
13913
8793
6449
9858
1338
15241
8999
863
11019
4624
1415
9256
2506
10302
6091
6631
14889
1962
14319
2731
10358
7795
2146
7134
10531
9000
2989
13370
170
11920
10301
7410
3351
5241
5708
3167
8971
14106
1569
13539
5183
1103
6907
12396
12858
2419
11832
14859
12277
1219
3317
1607
14062
5176
10813
4324
13715
14946
10383
7046
14004
5326
209
8746
9361
9199
9512
12236
3532
2381
6676
15307
4853
11355
14959
13373
15090
13186
8480
12197
5548
15049
2917
14800
13552
163
542
9293
15433
4733
3001
3444
8499
5891
2893
2778
10009
1489
5191
11052
14246
8402
329
9505
709
15433
4842
14239
12904
12828
3679
13347
1581
10359
3792
15270
3129
4611
2026
12717
464
1361
8820
577
6845
14380
13003
2712
5961
13686
13079
1338
4263
7218
12821
5983
11691
1618
14899
12273
10724
3167
2187
9609
2219
15386
7693
15433
1694
8347
13013
3294
1270
12903
8979
190
10518
12817
10087
14707
12530
7511
5829
11553
2918
14756
10562
12885
5642
3974
5285
7225
15065
382
11223
8582
7772
1286
11586
1536
4296
682
11333
8641
9324
10147
2925
10380
11867
292
7649
4632
14670
15433
11426
7773
11648
14983
9159
5107
10735
15278
14549
6841
10526
8988
6841
1425
14808
883
3682
15350
9717
9737
6218
2937
2543
3388
9517
11920
9938
12365
7199
3179
6250
6936
12073
404
6811
5912
14408
4529
12400
8979
6988
8529
4431
8188
13232
8418
9323
6541
6941
8025
11273
1416
7880
12206
4608
15276
2830
15051
8986
8999
14081
7427
4126
13693
3293
576
9763
5331
2206
10302
10031
12975
11134
7666
8168
12842
12866
8581
5321
8936
748
9869
11425
5068
6723
4925
8755
9436
1520
11222
14413
11362
7156
3083
2241
12669
473
6287
11817
13833
10148
5371
7564
6884
6496
434
11269
5623
14195
3791
11539
3233
10806
11735
9821
11623
6140
4273
2448
11913
6379
7141
11185
7027
9822
9816
12655
15123
14831
355
2066
9352
5486
271
12686
11956
6331
10120
15361
406
6878
9344
5424
11746
4468
192
13174
6435
4519
5518
3587
9528
15096
12722
10619
10574
5710
11862
2943
8028
5526
8269
9208
1775
9803
8363
7445
7156
574
4845
15238
14445
9132
6637
10002
4599
4790
3492
3909
12313
3586
12412
15289
14953
10995
11437
2522
9715
7938
5872
14244
3460
5586
915
1513
5005
763
5024
1958
10795
5722
1077
11817
12105
12369
9981
15127
15060
13485
3048
5330
10479
13460
1987
3278
342
11995
6264
13559
8529
8696
5267
6734
14619
1090
7427
6060
9071
8742
11922
14862
13197
3322
279
2900
4714
8574
2273
625
6634
12948
7664
10540
10124
7634
13403
4313
8322
3176
14579
7518
8569
15296
14613
730
13910
7826
6893
628
5114
2004
6630
437
728
13155
4064
5835
11654
4526
4613
10523
265
7871
7272
9919
1772
8683
14294
13822
6178
295
14816
7320
5847
6546
488
6648
700
3421
15412
13968
2556
10296
657
778
12858
1945
4792
6753
2550
10445
908
13110
5677
15113
9519
5970
7264
3352
6643
9446
3672
11988
5399
3132
4770
5548
1748
11883
8589
7996
6461
8893
1728
14494
12255
1022
2885
9077
3179
3774
1980
9240
14678
7619
12619
13562
2655
9253
12300
10183
10406
9545
2272
6318
4138
6526
9287
12179
12841
2561
6864
10652
10690
10004
5407
10389
1456
8798
5853
1767
7410
12738
5205
13939
5397
11664
3817
14636
4091
15273
895
10265
5161
6134
2622
4860
682
13751
11125
10822
15145
12457
1503
1971
15035
191
12798
3847
5050
8973
7994
2261
15110
3095
1084
6421
5087
690
15014
11864
7564
6114
3412
4106
11803
10995
685
12451
9218
8634
12179
13740
454
14543
13650
14775
9911
13340
1005
12557
11238
15349
2260
11147
15362
10008
2655
8030
4212
15134
6100
1139
9027
4072
2647
3455
954
1103
695
7480
3335
7244
13540
9794
15433
8906
11937
4464
2298
7758
7800
15153
2140
5723
1961
15361
740
8700
10273
11908
7118
1250
6892
10969
3397
4413
3076
13810
6120
3185
9410
4848
9918
9695
10867
9393
13445
2673
14482
12957
12518
3511
4072
8512
1934
3224
15433
7796
13060
14262
7077
482
310
14408
1266
3985
14911
2883
11370
10603
1756
5698
6934
14416
5187
1708
8142
4865
11921
10470
2498
9919
5122
7026
6575
5206
953
500
14504
4255
11433
3023
4900
12313
12191
9745
4625
4312
14450
1728
7769
14667
11965
7425
7122
785
7751
523
12888
7033
3862
5261
1196
849
967
1206
2250
12809
14382
15100
15092
12599
13528
13036
11475
4414
9392
2498
10158
14595
2299
4575
2381
1708
15192
4472
14687
8265
14895
15433
11250
3252
14308
569
13838
192
11453
5416
4763
1953
6219
12923
236
8939
13128
15030
1531
2374
5774
7145
11143
8535
2713
4849
8970
12043
12322
2103
3475
10524
6452
10768
12415
11278
5998
15238
8397
4696
6254
181
11924
5247
11305
6453
13019
15433
2957
1032
6546
3023
14936
7935
1102
6186
15030
2318
12921
3457
3382
2228
8820
3553
13941
8226
9014
1192
8838
12196
1900
9757
1042
8692
13558
9050
2136
9696
4157
4478
15262
2214
3043
899
1234
1802
12471
14065
3167
9462
2775
6953
1832
598
8645
2905
9949
12344
14280
5321
7571
14484
5172
11948
9143
234
8485
10079
9198
5662
5275
5972
7420
11567
8145
7153
3251
4434
7564
2096
11285
2146
333
10197
1103
6301
11575
10538
13879
11632
11309
3431
6316
6646
2221
8129
6093
14864
4740
4050
10890
11427
3239
6093
6864
14352
15172
10709
8857
14074
523
6713
2869
10955
10540
14800
13604
4064
10594
13320
7701
9440
12865
11234
4400
6677
7488
4126
10055
6646
9356
11121
2717
1395
12888
1234
11939
1296
11362
3379
1907
1250
13074
8788
11927
6372
12599
4846
11809
2315
11626
5122
977
8627
13373
11052
9905
2470
12199
12251
7438
259
248
6330
12082
6524
3157
4501
6452
11149
14477
13051
1916
14115
6266
14775
10247
5231
3495
15341
10127
9849
4515
1138
9362
13206
9095
14741
10008
8097
465
11549
7509
15433
3609
8188
11430
8775
13485
200
14033
2360
10795
5069
8030
12944
10813
4808
14813
14227
13154
3292
1989
5035
8451
14491
12255
11486
3455
3291
10347
8408
13735
9990
5872
929
592
13220
1415
1492
2476
7733
6568
7035
9228
8878
6466
3659
13104
8335
1114
8527
8021
14477
8119
369
14571
5681
7241
15433
5169
4296
8384
14343
3183
14323
9965
6108
6554
538
14280
12255
2582
14270
10660
327
5744
4099
10079
9740
14039
14718
557
1787
1055
15210
9746
14738
15098
9837
11475
12656
170
10071
7039
11197
995
14040
12578
12337
2195
14486
12845
2731
1293
3741
12219
9956
14067
10090
6716
2038
843
14009
11683
1053
439
14303
6605
6954
1320
6815
11584
11169
6190
3725
3289
4506
8483
11087
2987
2387
6936
15178
14696
9784
845
10231
10671
1251
10222
7104
11175
11572
3352
9384
2735
10483
14317
9333
8287
13931
12568
3396
3860
4943
2057
2312
6948
597
4091
14934
1530
3220
4677
10861
12614
9495
6195
5392
8808
12304
4128
398
15388
9151
839
6502
3541
11743
4799
12292
9507
983
9507
3528
11329
4012
9958
2055
5984
14322
3597
10107
1624
11152
5149
8219
4514
3144
1151
2723
9582
15378
12251
1099
2617
1601
15433
13838
5984
14370
4654
6610
14987
5033
7097
7236
10284
262
1705
13013
3243
13921
6030
6395
13690
13517
2114
12626
5731
8860
15348
12252
3342
12872
6613
14115
14064
13087
6518
12365
2650
15177
7188
4213
4025
5644
8565
5693
3707
9477
13985
2519
9886
1978
13306
7145
3022
392
5044
15213
15264
10545
15330
13813
12530
10161
7745
12279
8120
11542
12249
9175
7224
12279
2089
10149
6279
4900
4257
5690
13908
3246
3221
4700
1183
7312
4509
15433
2096
11739
4263
7163
13183
750
8886
8561
9421
1319
7854
5504
4064
2214
14262
4049
1694
4925
8355
2376
5267
8596
511
2593
6799
11557
3592
7309
14521
11943
6814
908
12871
7331
13572
4365
2170
4190
5645
7948
1771
8450
8101
14986
9581
11383
2575
6955
3594
7822
11355
5828
3467
10574
12354
1461
11261
6067
2744
12298
5409
14114
11048
1783
15141
14322
2249
262
2322
8327
14881
5431
13266
15401
9725
5484
2199
8542
4164
11179
4049
5886
10524
4160
7744
996
2352
1988
4850
8529
4359
10571
4912
4313
7190
12913
9657
6093
14488
2206
7823
206
2687
10758
1959
2918
8728
10430
12673
11894
10728
3965
7232
8157
10000
13493
12922
10960
9695
2312
6036
12561
14250
2971
10359
8582
9724
7309
14204
15177
12441
14057
5959
6628
1202
13265
2312
11219
4072
13613
2579
8122
7249
14096
12252
12510
10424
9647
5750
10716
1786
3515
2014
7968
13987
13332
5933
8588
14795
5004
796
10542
264
11639
863
7786
7700
4249
458
4049
6502
4498
12485
619
1415
3467
8898
10562
10780
6968
4523
6134
14903
4119
14677
7943
7856
13100
12469
9737
5066
14791
9907
10345
7912
12458
13871
15100
458
2925
13956
2838
4304
9357
15096
9853
1571
5754
1470
12967
7127
5593
13852
2438
6439
11663
7477
13309
7887
10860
670
9579
10440
7383
791
11122
4242
6533
3957
15137
8219
13203
4764
9743
3624
4551
2763
13117
9842
9403
2557
14280
5871
303
3928
12197
14512
13884
15177
1172
445
15323
10635
845
5880
12497
6722
11095
12656
15433
13987
9261
5944
1015
7626
13046
260
4940
9151
14841
5651
14578
14999
15221
1666
13008
4666
4654
1804
10396
13898
14772
11705
14206
5662
3252
5708
13585
9954
13798
10476
1368
1259
14195
7994
14087
1373
9419
10111
3863
12057
8006
13641
14070
9810
740
13640
15226
14788
1035
6919
372
9356
7438
9780
14382
13733
4759
4759
8350
12967
8641
10856
6994
15235
8821
5303
6116
9095
8472
14204
2064
12974
11549
10665
6626
5528
12031
8233
4083
413
10026
1451
14221
2478
4096
7832
13480
4940
14699
3025
6943
2634
10092
2904
11865
13373
10969
8496
6768
10569
7532
369
1311
12721
2733
11370
2143
5838
966
10127
12932
4084
6399
12326
13165
15032
2733
8986
1127
9039
4470
12322
4543
10451
6471
9894
1401
11474
8775
10331
13148
11439
15115
6181
439
11926
6237
7702
6575
12729
8798
11308
5999
5648
6018
4164
11633
1866
5615
6944
11933
9583
12238
11148
11849
7712
15433
12252
5892
10396
13539
11365
3852
10695
5604
7511
9614
10932
15204
8755
845
4407
15087
974
3632
11633
13653
6922
11105
2815
8934
6059
6616
10281
7859
14348
2741
6368
495
1455
7460
15433
2069
12273
12734
9846
7200
2534
6305
13299
11370
1567
1021
4253
8542
13667
3622
12579
10638
6098
14198
1581
14678
4554
5356
12401
2541
7754
4115
15211
4689
6228
14702
2385
5609
11121
10960
8627
5999
3871
491
11918
3532
5616
7674
11370
4525
8956
11478
14149
11666
737
12535
9295
1072
6692
6267
11717
6194
1386
8526
220
2183
1997
14781
3952
12491
13689
5063
4064
8191
6698
4370
11905
15191
1805
5959
10829
12694
11432
5050
3171
10371
170
4519
11426
14007
8021
13622
1672
9833
10125
1401
5591
13622
4162
1971
4847
4783
3862
12121
10979
11602
14791
5190
7558
6568
4156
11539
6546
7539
13299
14504
14132
6825
3350
9915
8570
13252
8988
2853
5288
8205
12452
10551
3465
8342
9264
2341
13158
1972
3837
10333
5132
14368
4771
9816
5869
8290
698
3657
15170
4274
709
11248
13935
1005
5854
7810
14027
3180
11110
13007
6650
380
12527
6229
983
6218
195
12206
4689
12455
14813
6883
11584
7226
5807
11325
5975
6895
11656
1030
10570
11457
1997
7225
11023
3351
9911
11171
1685
6974
11717
1912
7840
5555
818
1228
5948
3580
9746
3312
4613
13266
12446
4042
13939
13729
4759
10480
6999
10389
13731
7035
15022
5329
12997
12027
6008
4809
11104
10831
3374
2633
9696
13377
4479
6093
5331
6260
14907
4306
6994
7593
1461
10406
7913
12076
1633
2027
14629
14025
12843
7949
3448
12195
8483
3909
11247
5212
13775
4840
2857
1264
9743
1513
2025
9710
6928
15172
3375
14524
8516
4057
1485
1073
6833
6347
8281
10522
10830
4550
6656
8498
14484
5851
5626
1146
11804
469
13498
4040
7126
5129
9861
3691
12518
9547
10620
11643
8059
2971
975
3001
11048
10722
11393
11286
5161
1728
945
5247
3800
9329
7442
7147
4975
8822
6722
3408
10498
11332
8242
11406
6595
6926
12296
13791
5057
1384
4487
12145
14538
6618
1739
9837
5452
8243
15340
8310
11535
683
5757
4355
8077
1972
14956
9181
668
9356
4389
6432
6400
5742
863
10090
14379
6342
3985
6915
15106
5602
10039
8775
9833
11047
2104
2125
12403
4252
5263
12462
7950
2030
1004
2374
9086
10971
11023
1128
7623
10842
11903
7563
11594
8812
7917
7516
1092
8840
14020
10821
1666
15350
11277
11697
10644
11940
8122
3644
9915
10480
8675
11041
7240
13977
4345
1015
9780
2055
13572
14449
6869
2773
3607
5604
5812
1535
13084
2597
3586
9487
10447
9099
3719
12226
7309
13054
1965
10857
5348
1899
8044
11795
6595
12338
13772
4839
6202
10983
13062
6317
5274
10918
13441
10724
7724
6777
6267
1543
11597
2723
5371
8982
2418
15325
952
5792
2709
8775
9421
14503
3828
6546
4808
4694
13522
8179
9511
5973
10795
9801
2478
10140
5206
7119
11524
6919
11141
5622
1890
10518
1251
13613
4707
14786
10998
15258
6845
10189
10571
8942
4702
13740
14054
12951
14881
8755
7349
4710
9919
9054
1176
2057
806
12274
8068
8191
11868
1062
11160
7850
6215
5917
2170
11430
7826
12323
14814
8475
781
13699
5722
7651
4069
10796
10475
7162
12111
7175
14847
7064
1026
13423
5528
14213
4710
395
5336
4840
11611
1103
738
8175
12202
4938
5149
3858
11083
341
11416
9347
4324
6284
5403
15375
12341
13802
8244
9791
14310
8792
5872
15019
12300
8384
8990
2200
14376
8342
7240
1893
13146
7462
3965
11706
8553
11294
6713
10840
8522
652
3481
229
15281
3076
11998
12397
13774
7859
5168
2966
9419
3601
8077
12962
3721
163
628
3850
1714
13482
2257
7241
6460
6572
8828
4430
2554
15079
14400
7822
11717
14279
6718
6690
13253
1967
865
14148
2460
3291
329
7948
8148
9137
7445
2249
3001
1784
8136
6594
4782
4337
12694
3980
1269
7879
3769
1992
13622
13544
1188
2316
6695
6586
285
14359
868
4670
11847
13033
14196
10519
859
10105
7046
5864
12194
1030
3459
14281
639
13661
4249
10632
12163
4527
9923
14589
11975
3913
11171
4962
5858
8609
11792
6229
13249
8564
1727
14530
10432
10782
7292
7892
13838
15100
1179
8459
3224
8189
10898
13609
13981
2647
3337
6397
6484
5911
11911
6602
8874
14099
15027
6154
15211
13478
12789
7651
8106
8162
3815
3399
9406
9793
11192
15270
287
1319
4149
686
3292
10098
5589
7150
10264
10284
5984
14632
5705
6847
5648
6976
2736
5376
11750
5027
1045
3277
4499
12530
1552
11490
6132
3832
7751
13179
10886
12161
9574
13729
13146
5409
13953
6418
6229
11550
11611
12276
10268
10197
14956
5627
4413
9334
12320
7988
5331
1495
10928
9386
9503
6966
7016
3172
5525
10320
7123
10203
1544
2058
9353
8746
14779
11733
4252
12655
6771
6909
1907
7510
4869
14310
6855
7893
2752
14277
5027
9062
14356
4336
3243
13175
12227
15345
390
7530
7370
12798
3024
1200
14531
9491
11659
6278
2261
13895
4812
9724
11301
9029
9469
3804
4443
13554
342
13093
8656
11928
9425
6464
12441
14110
12249
10301
14977
8127
13378
167
7221
2723
5369
11163
4120
9279
7962
6752
12750
5905
9816
2064
14323
7611
5086
9703
10646
13638
1062
12688
3272
14927
12947
1010
3388
179
6421
10714
15209
10209
11130
4752
11715
10284
10100
10360
3606
8044
6521
12174
11955
10792
9507
11083
8795
7335
13592
4437
2120
15433
2540
7565
15433
5376
11412
3480
4195
1266
9314
582
11412
13693
14200
2424
1728
6941
10835
13087
442
5491
14577
7702
1505
4209
5129
10637
15358
5420
2050
8315
8666
6499
7254
12148
1504
9679
12579
4058
12322
14272
10222
3581
10301
7462
11961
12650
3651
3589
5617
14979
12892
1122
13506
9405
12588
10537
3265
10341
3586
13476
4188
12810
10040
10466
15015
7411
2461
9740
5818
2515
8027
12645
7994
14410
3825
8818
12496
12276
15018
14876
11848
9624
6864
4538
664
12655
4913
13985
5380
4973
2638
9299
9899
2221
4698
7796
1728
14794
8735
1927
11385
3292
12633
248
10929
9636
3561
11999
5628
4384
1281
12619
586
3202
8242
5438
8635
6108
4675
14301
860
12307
2422
7240
14792
10544
6206
878
14977
8869
11536
7236
8670
5891
6499
3757
1709
2319
12540
4994
1810
985
10857
197
9634
8298
4618
11267
2299
1818
13087
10647
10501
5430
13715
15207
11188
13941
6446
9458
13247
8519
4764
6230
2564
6865
10132
12357
15325
7772
8402
5883
9547
13992
2189
6485
11596
11243
9933
5723
12750
4407
10041
5190
13622
2994
3830
12170
10411
8190
12338
5368
14069
8357
6137
5534
8886
5316
2386
5056
1415
6110
3862
6507
4673
13495
9066
2943
7876
6250
986
5808
2468
5541
13987
9876
12844
6688
5376
8379
10260
5446
488
920
13997
1948
445
1735
6964
9683
12593
4906
5548
1905
8979
4283
2775
7268
11303
1538
12305
7670
1828
781
14846
4459
1793
10886
11598
13643
8805
635
7148
14823
14091
14848
8592
6862
2057
6262
4296
1013
14142
7814
2236
3839
10716
11824
2160
2025
14190
5078
9838
11842
9054
13139
5360
9318
3310
9782
3048
15111
10165
4120
13038
11467
5329
10442
2340
7894
13604
7775
6893
7051
3347
177
6490
3507
8187
2735
2657
495
5964
2113
4057
9593
14535
5770
12158
8856
9581
7856
2066
1456
10605
4487
3800
343
1791
9043
11203
12455
13797
7916
12642
14379
8302
1796
9743
7235
7600
725
9074
956
6793
2561
4605
9610
13985
10342
10860
12453
1579
8886
13518
7124
5942
5992
6611
4332
10674
12973
11895
15433
7747
1369
9497
9986
12598
12748
3123
5650
9179
7660
3867
4049
6301
3817
14747
6953
11770
14015
13585
13901
11738
8581
6722
1219
1714
7160
10927
13370
2365
10519
11104
13136
9438
7236
13527
671
11437
873
10439
10230
13607
10559
1468
3322
9789
5618
12305
10488
4655
4320
9464
6522
7790
12126
5306
11474
6740
9571
10601
11305
5123
12757
10654
11261
4430
3327
1738
5100
1324
5933
13411
14788
5085
15433
11287
3853
9927
2523
11285
5248
3832
668
12142
667
14125
6212
936
6768
5558
14091
2217
10031
2297
7994
12072
11274
6829
6723
12627
3251
9727
8350
15166
14362
8542
4081
8859
2988
13480
8177
14979
9039
6117
13987
3872
217
10475
6466
3187
1422
8199
7018
15232
2009
8775
13689
15341
5406
7877
6626
4051
14242
1715
10630
3197
9325
10841
11471
10267
7698
14686
10978
5779
4357
12113
12714
5091
2412
7163
12356
4082
3942
1129
6967
13089
2997
11547
2546
5677
2716
11455
4338
5027
9606
2972
10590
14304
9222
207
9948
11014
9180
12576
3954
5100
4726
276
260
7649
9175
11509
5288
2741
9820
15433
15292
15388
3506
3607
9383
3662
3906
5880
6476
9423
13441
13856
3295
4547
11664
4190
11137
13822
2769
11549
9996
8417
2769
11071
8587
13118
5812
4194
11222
5649
4871
13100
2983
3399
5294
13096
14027
12369
7462
3017
14616
4550
7194
4216
2360
13388
11434
1709
11961
2977
3292
1630
3586
857
2534
10487
8720
8580
9133
10559
3695
1319
1258
4606
1686
395
3305
7226
13768
15358
10819
7668
1513
10014
14808
7516
14367
4457
4605
14156
10261
7960
10238
1562
6663
5849
1935
1736
2999
2077
6105
7949
4173
1902
8619
6019
6617
2297
4326
8663
3170
6768
11840
12470
12228
13698
10488
933
9538
7982
15433
14235
9724
15142
14607
2900
14491
3404
3681
11600
6769
2518
4901
7294
11054
8251
13057
14488
4015
3173
11919
4725
15172
