3605
2342
4911
5360
673
9331
1286
5132
304
7791
8938
3658
5491
7611
4143
3511
2859
2260
1511
8334
1285
2694
9307
7825
6882
7180
5137
1692
3464
1151
6962
3087
7255
988
8197
7881
6822
7402
8238
2400
7081
8312
9279
2601
5026
4512
6105
36
3002
3465
1811
7129
4791
870
6044
8799
61
8225
1009
6271
167
730
4324
7757
9255
3889
7444
7586
6350
4385
1261
2425
8932
1525
3043
3919
7536
7288
1109
2266
9329
2710
1741
762
9047
7008
1351
2749
7105
4679
2236
4644
4665
1414
5407
1707
8843
7592
1946
6093
8085
7895
4062
5765
5309
2536
3023
209
6014
7245
3240
6173
9149
1740
2435
602
5921
8013
5082
6160
1109
1394
8734
1811
3815
8704
438
5330
1774
775
5190
1782
5952
4813
8173
8434
1441
5093
2175
282
8807
1312
7830
453
129
3874
6866
778
7540
105
7572
2859
2087
2144
8150
7076
4271
7876
4155
9026
260
6031
3353
6083
3848
3982
128
3694
4843
4234
6767
5618
3019
7230
5651
4972
8511
6357
7516
586
7193
7751
1394
4715
5004
7637
4393
255
512
3555
97
5750
5622
1694
5492
991
5891
2695
5303
6051
3254
6336
6540
1251
3206
1650
5563
9419
290
4035
7951
6992
2510
2197
7469
5838
6269
3270
3980
2439
2354
2855
3534
7114
6661
8079
920
1193
8166
611
4351
5112
7516
327
8468
4059
2536
1975
6278
4311
8331
6269
8837
1481
5841
1620
9317
4484
270
2875
3862
4851
3207
4203
2223
4076
9261
8944
9233
8223
5796
6205
1083
7683
1703
7846
5364
8125
3907
556
5343
3140
5716
4139
9202
6775
2476
6185
4868
5415
7610
6341
1334
6638
721
2255
6759
520
1699
8571
347
8491
3611
6937
2560
4941
8249
2482
4524
1622
5083
2593
5161
9228
801
3313
4524
4927
6339
6859
4017
226
4782
3360
1450
3568
6732
3547
1981
6626
2972
4627
1131
1576
1111
5931
6197
7768
8515
7323
5788
6093
9413
3906
6367
8102
2822
7827
1079
3748
9036
4600
6461
5162
2093
4979
2339
4007
574
7414
1503
1647
9438
8176
8634
722
4423
2759
2989
7950
9434
2593
3973
2536
7888
3600
457
7839
4284
5896
380
3428
3428
6370
1143
2973
6235
5259
3388
1653
6175
9436
9233
967
4255
6266
8313
1295
6675
6025
4205
1478
8503
2229
6271
323
5337
235
7065
9047
920
8523
8943
7784
4137
8511
9352
8697
3978
4690
8574
6046
4834
8372
4159
6117
9256
8533
7293
942
1952
806
3127
5687
6924
3962
7845
206
7510
3960
6116
9352
9422
2764
488
435
588
1001
7897
1146
7290
3168
1437
1642
6247
5906
1202
8835
8343
2175
4382
9383
3651
8835
5873
237
8102
4133
306
4114
113
5472
8929
2527
6406
7541
3657
3044
4901
5606
1713
8006
5837
7644
2521
8820
5610
2266
8442
5348
5658
941
7346
2874
5238
3131
5017
7199
1126
5013
4602
5979
7582
6339
1701
8952
7541
4955
6458
4351
7234
4034
3032
1850
6191
5398
4868
1384
9294
7377
2774
7395
303
4896
6269
1529
340
1718
4520
5667
8649
269
6337
7284
8672
3467
4539
2166
5641
5847
4007
7256
9090
5661
5259
4378
3500
682
1606
1916
5339
814
5780
1139
6558
2950
4887
2254
9279
1049
7381
2687
2059
3070
3280
7952
6348
8536
5732
8495
9040
1549
5351
5116
212
517
7998
9233
5019
6516
1360
4477
499
1124
3428
9295
4045
7140
1686
7732
5622
415
3043
5121
9306
8076
4093
8268
6113
7493
4050
1787
6763
2717
2320
4627
8610
6083
2569
7479
4247
7327
4756
9232
4473
6749
422
8257
5985
9074
409
4824
3638
4330
5356
4752
5931
4281
2280
6264
8118
7516
5286
5896
5917
1558
6451
9438
3142
3180
6373
1394
4964
1217
3558
2093
4170
1905
5223
7069
9078
8381
8759
582
6548
6351
2902
3642
3425
4879
7410
207
4595
4303
6034
5604
487
3596
9445
5150
143
8475
3665
6848
5164
7309
6636
8029
2753
1939
7789
6404
1175
6045
1020
6251
1124
770
2855
6455
865
2228
638
3693
244
2011
6142
7192
6452
29
6954
2007
1221
5551
8663
2453
2411
4474
7612
8890
7117
35
6167
9091
7148
3356
7357
5108
261
7474
6968
1085
6639
7953
6051
3249
1876
311
2622
2182
4156
2833
3473
4868
241
9300
1527
7163
7727
6404
8576
1466
5322
843
9337
8238
4935
1843
3240
6124
2216
4676
937
2004
1704
8205
9140
6436
3741
1277
7700
1359
8273
3008
7836
33
6222
8949
5981
4576
3901
1307
948
3770
2344
6619
3388
2892
3596
1060
8004
6113
7149
805
7042
595
2741
8216
4572
1741
3781
2524
7681
2201
7511
430
6519
5161
3980
9373
9446
1680
55
2569
2274
8033
5406
166
5858
2085
8268
4576
5117
6065
7355
4645
7252
4363
1222
4486
266
6051
5179
5183
5346
2444
547
3849
2628
5207
885
3511
6569
8897
6947
512
5401
2011
8773
3967
1307
3611
1975
4549
7110
2524
106
7640
1523
1576
7179
1745
8857
6028
6569
4348
2304
6237
6974
5985
7402
2622
9178
3207
5710
4410
8909
6135
2961
3009
8897
3924
547
5981
1774
8942
2497
7826
6636
5081
8368
1225
7552
8387
4176
9301
7769
4823
3561
7457
1333
3385
6619
3402
2516
1545
7844
8072
3611
4787
7875
1331
8740
6129
9367
809
2672
949
2662
7603
5764
1644
4427
4190
5084
3235
1910
723
3949
54
3009
5741
2818
5564
5751
9457
6499
1251
1640
7257
547
3487
1943
528
1940
5035
9003
5215
8811
4344
5991
4858
6080
4230
1483
9186
2206
3024
8045
3849
34
6809
6066
1511
7285
136
1577
4560
5048
8962
6155
7640
738
1583
3380
396
3159
1971
9039
5678
4404
4618
9447
7402
2883
5834
7474
7770
6020
8885
3351
1989
925
488
5026
8175
4460
4344
8477
8717
5945
2344
5526
1114
403
4556
5753
6113
65
8089
5381
1505
23
3281
4295
4357
4296
5166
6282
6856
1945
127
8730
5691
6667
2838
6639
1156
7807
3845
1437
8026
4563
8800
1073
8229
2112
3347
3849
7705
4454
6404
5240
5227
7312
9167
5905
6765
615
4404
4238
6295
3496
2963
1115
3368
5369
1720
2524
2151
4857
5864
4048
2893
9192
269
8291
7548
6600
6478
808
4050
140
9247
7888
396
7296
7643
5652
1935
5571
5292
5256
750
6313
5303
2133
7979
533
6347
1572
2254
6146
4556
4032
7637
4131
5531
6500
6113
4823
5132
6968
2548
3093
3049
1422
1836
5526
6271
2951
3214
3207
5578
5211
1975
3625
8377
8165
4818
5504
5374
1250
6567
6166
6681
5618
843
3361
9457
1274
2470
7866
6599
8451
7161
1814
5216
6988
418
3862
6143
3860
1236
9151
2838
9312
4983
7950
4299
1031
3652
9178
483
5774
5672
5952
7919
7510
7956
4872
9088
69
459
551
493
2835
2659
324
348
8189
588
8501
4203
7425
4243
7683
5981
3049
987
5077
4077
8419
4473
1645
8944
6235
8001
264
4234
8545
4544
3046
661
865
4517
3360
556
2267
7002
7820
7702
4756
1195
2635
3901
1889
5930
7587
8507
2254
8637
5910
5740
1817
9409
7470
3089
6232
1351
8773
6504
7706
6729
87
8890
849
6563
9015
8055
6813
2142
1353
9320
1750
6086
3521
4973
2330
3969
118
936
1471
7986
2629
6783
5604
920
6834
2584
6083
5351
2193
8228
2476
6649
624
1730
5117
1050
1315
4374
8618
6530
7880
3703
5444
9328
8747
6564
182
2167
6608
4812
2540
8268
5204
8072
7113
9284
9215
4964
4331
2032
6313
5498
7515
1430
5204
2004
520
8117
166
2425
2697
1651
4848
9294
1437
305
4612
5430
9077
7366
7105
3230
5296
4814
4903
6176
4690
8662
622
94
2951
3611
5461
9306
6610
8492
5683
3281
3782
6855
7342
483
3564
6163
2259
977
7538
8693
3848
5223
7450
1137
685
463
1987
7881
2120
1339
6080
4244
1698
8938
4463
4202
3426
4893
4769
3785
8450
4177
1682
1233
4969
846
9292
9056
6822
7332
960
5143
2622
7018
1273
6790
8210
8235
8917
8598
5259
7603
7302
8225
770
3514
8420
6622
599
6239
2248
5822
1784
2797
2956
2546
3110
5709
473
9183
2512
2624
3924
2522
3098
4782
4418
2869
5292
3610
7478
4121
8837
4700
1939
3538
750
2663
714
7695
3657
3014
2721
5851
6999
5821
2467
504
9398
4879
8708
3281
7054
4786
2961
2949
8903
473
5435
6139
1173
3366
7011
4197
3159
2559
3089
9430
3464
5916
8999
1004
641
482
8850
5628
688
6663
1287
6324
5341
1977
560
7704
1478
6865
1251
2197
6677
6561
8757
4512
2434
6821
1952
5141
278
8975
4970
4579
4344
7670
6831
5985
1437
9220
1163
3489
6468
9380
8165
2172
1503
6013
3745
9300
7348
4823
658
7795
4652
8903
3820
7095
1118
7402
3123
6701
1066
6838
6971
8777
9285
2136
7590
7296
3265
7955
8321
4922
1769
1952
1189
3081
7341
4100
5430
9077
4115
3982
5492
2838
6028
4270
6627
396
5247
6093
1061
4829
7975
3081
6458
52
6678
9457
7830
1222
106
9338
8516
795
2336
1835
8347
370
6411
6677
9448
5204
269
2731
5369
8897
4713
2530
390
7968
6570
6599
673
850
4507
7344
1033
1225
5963
4611
4655
6900
4427
5066
5713
1204
483
7714
8881
4208
391
8354
2851
2663
6594
6263
9383
2965
2373
3558
7575
4680
3643
4680
1503
6365
8247
4556
646
3206
1694
8972
1358
6274
1006
3378
1742
3422
8909
6165
5010
3913
2271
672
4247
8114
6600
8184
8571
1079
5823
6137
7495
3030
2096
3655
8029
3303
4209
2874
2693
6682
6592
6811
4421
7340
5433
4470
426
2886
3973
7044
757
9325
2898
7450
1045
1633
2097
2128
7846
1922
7090
3757
8366
5984
1477
2980
8487
870
8202
9312
3476
7648
3120
3995
6715
2042
4023
2735
4932
5928
6783
585
7590
6654
865
1571
2570
1548
1416
3473
8158
471
7196
4076
3915
3938
4958
4248
2749
6660
9016
5313
8975
4101
8504
8111
8757
7605
4404
8496
6821
396
9333
6824
6775
8188
1413
2087
7248
6209
7927
285
2356
8311
8881
1977
6859
2288
6251
5223
9153
4280
8903
2850
4057
4665
5917
2458
2789
870
1629
5012
3374
720
8451
9366
750
2064
239
8165
653
5690
8648
5538
1079
1614
3697
6536
6216
7068
4973
8387
2041
4829
2384
8121
6882
7199
8973
5082
9215
668
1872
6527
4587
608
3976
1384
1623
7603
8026
7024
2832
2083
9299
8513
4243
6028
5906
8188
1541
512
1605
2424
3316
7849
3737
4568
4604
9127
8696
2899
1497
3024
3500
2853
7783
3211
1794
3476
307
5257
9013
758
1277
6968
3782
2914
3109
4437
8442
4654
6560
5366
333
3903
4834
5988
7974
4344
7908
6678
8068
8142
3365
9160
4131
5731
3645
5703
8225
6599
2721
4234
5526
396
4198
3973
7120
114
3058
4143
4651
5077
2843
8155
5250
3892
2417
3681
5638
2133
1782
9349
700
2888
8380
1719
2471
9295
1011
4193
5416
3920
209
6909
1663
2513
5529
8030
1144
6045
6210
165
8302
6222
9327
1124
3237
7193
319
4907
3164
9206
3657
9409
71
2654
7688
5473
769
1327
4969
3277
5691
255
1934
3089
7038
4911
6971
4912
7515
8959
5267
7796
77
6152
714
3746
6322
275
7049
3012
3524
5256
7201
7077
5084
1883
8698
2523
469
3955
9308
296
2248
7516
4317
2467
8598
8271
1181
5928
707
6825
7950
5103
3443
7343
2191
1079
7142
6053
6202
7430
6913
7626
3652
3857
8702
900
218
1045
255
1586
7110
172
7430
3924
729
8334
4101
403
8160
3373
2835
4101
7498
7222
1977
8966
6235
5258
1772
3186
4605
6266
6461
6253
4592
5193
5588
3166
4860
6406
5640
1135
1353
1858
5827
5082
7354
3745
8783
8243
7031
1615
6059
3281
2951
5391
8949
6415
1007
1465
7592
2338
8263
3994
6906
3115
8952
303
7699
4477
8795
2167
2823
9122
2453
9387
8704
1154
3873
233
4134
5617
5333
1797
7457
3960
3612
9400
1747
6659
772
3140
9457
44
578
7736
6318
1811
2011
4330
5967
5758
4429
2142
7561
2806
8660
8556
3418
2699
7180
370
4834
214
5074
9457
5487
4432
560
6271
7196
4111
3782
5884
3078
2160
1434
7343
3948
1819
7782
9294
1686
2291
999
7896
2273
5731
5981
3239
8857
2056
7530
2822
2599
3088
6737
2662
5535
3450
3720
1586
2483
8124
8861
2932
1387
6640
8657
2546
4983
5640
7019
2823
2007
7344
5035
1844
2179
8973
3264
3966
6083
4648
8124
2360
8864
4911
48
8999
1788
8704
1653
4311
76
8888
2767
8190
6717
3788
2510
2405
9113
4949
6821
7784
6381
9425
4874
1882
4631
979
6492
3360
29
6103
8298
9085
6695
6506
4674
8850
7834
23
5780
3080
5664
1433
51
8457
8831
7791
3905
2889
6036
4549
7841
7603
6507
1650
3230
615
4419
7144
9374
2072
3087
701
5384
6611
8222
2829
4171
8340
6627
3956
8490
2467
3234
2128
3381
9037
3012
2422
7414
1251
3366
2182
2694
7341
7421
930
851
3379
1151
7040
6559
269
8853
1822
7867
489
1200
9253
4915
6269
2310
1060
1017
1822
5341
2452
7233
9056
1186
3092
5522
2628
3089
3746
8030
5748
8460
7388
9256
150
5854
2753
130
6972
3333
5685
4445
1603
2721
6530
8569
6770
5061
5404
9207
5131
7653
7018
3581
9201
5955
920
1312
8230
8855
8781
1782
2358
835
936
404
3619
3784
5458
6348
4062
5461
5941
6597
8894
227
6936
4823
4050
2459
9118
3590
1354
6409
1224
4962
5650
8296
1394
5303
6400
1484
4107
2200
5452
6408
4138
8890
5318
9406
5981
1623
5117
2590
5835
8479
5461
1075
5075
2886
4007
941
6046
7470
8397
2239
8091
2899
2142
3696
1848
6924
6722
8850
4742
5280
4655
1023
6761
2960
1199
3545
5796
3625
9176
6968
8290
6057
5774
6684
1944
1701
7516
1528
6809
4649
2512
5330
9155
2090
6375
2490
8489
391
7832
3120
2822
4699
5891
7815
9078
6999
672
6596
9217
6562
2265
1478
806
8444
233
703
8165
4609
1070
5806
2878
5212
3908
1053
5806
2082
1698
1380
6080
5397
8588
5887
6407
4420
8795
3415
1606
6909
7541
1577
7554
9322
5893
6237
8235
4706
956
4636
797
2582
5016
2546
8583
8743
8527
5618
3727
5988
1650
8124
658
5485
8608
917
3117
6235
3741
2656
8831
5910
2753
1187
5156
4283
6020
4714
8513
4509
9322
8001
7669
6271
6163
1821
3303
1797
7329
9013
4968
1318
4688
3232
1598
555
8942
2590
3454
6055
4474
1131
3397
5286
2066
4300
5982
2033
915
5688
7411
7689
7036
4901
5179
8013
4857
8372
2414
4228
6857
5197
2442
7901
3207
9182
9176
5768
7251
3642
6180
3428
8806
8044
4374
8680
2625
2108
5262
3477
7450
1784
1764
2859
6484
4207
1530
3009
5016
3864
7974
4817
4957
3120
4116
4800
6840
9342
2647
2475
1598
1554
7783
1132
5864
7105
6435
6656
2011
1870
8900
49
9266
5139
7137
3222
6857
5949
3551
5408
4374
7613
4712
8343
4055
8358
1471
6312
787
9087
7236
8571
6608
8818
487
7514
1315
1251
1705
3117
5585
1471
7751
9069
1222
6217
4713
7667
4607
1277
3858
270
33
3772
626
194
774
5645
3785
5764
9383
3453
9037
3816
4286
7357
2662
7296
7135
948
1396
5741
3968
7743
3040
5484
2429
2902
9363
5435
770
8533
8242
3533
8933
561
9087
7338
7693
8815
1988
3924
5445
961
6348
8440
8881
7561
9060
7494
8436
7273
8257
3949
510
1798
1394
4497
2662
4578
7785
761
1034
1777
8617
7572
9131
5730
6719
2946
7052
5727
3603
7581
139
591
6085
2055
6769
3280
2674
4427
8812
6824
2241
4874
5041
6482
8953
1915
8952
9256
4769
7011
1676
4482
9379
8439
4764
405
2013
1029
866
2960
4608
6248
1124
1598
2039
8634
1719
1440
64
5159
1343
858
6079
7952
5639
6264
8754
3969
4645
2693
1800
6817
850
5126
1263
3120
3787
4103
3051
4741
5587
7526
7826
4988
7796
1285
5717
6976
9081
6930
6548
222
4680
6540
9262
8283
7241
3737
4163
9183
2871
5891
3860
8951
6407
7722
333
9165
410
3720
3040
1367
4526
8148
4122
3032
2731
2240
8336
9040
5025
4774
2843
5449
4369
4054
673
3386
5571
8771
420
9165
5942
4303
1971
3551
1482
7077
7931
5188
2268
1081
6519
1168
9252
8847
6465
311
2459
7180
2327
6594
7933
401
7213
1514
160
8405
3559
9288
8233
8660
253
3008
3330
2015
6677
7193
4421
4432
5463
2161
7192
622
482
5271
9192
6708
5228
4586
9307
7919
2124
5446
3952
4225
4812
9343
3936
3650
7352
3443
8697
5021
4782
8785
8046
8747
7193
2125
1076
3849
8425
6295
7572
6659
5202
4277
920
1819
1714
6809
5731
5223
1737
5256
5408
5442
4861
5257
7790
5339
7230
3410
3884
6813
6334
3494
5313
3120
1357
1262
1213
4547
9228
4440
3196
8659
641
7047
3494
4680
1152
8576
6061
469
4061
1163
3952
7704
8356
3862
5083
3012
7962
4570
8125
5032
545
3563
2914
8737
2829
4415
1889
4881
4066
8653
1565
4610
554
4728
2524
3240
5704
3155
6675
8821
6630
4880
7054
4142
3129
148
7328
6792
3611
1732
138
3444
5586
8111
7795
6093
8420
685
6439
2019
5031
1248
9258
797
1601
8746
1251
4769
2905
88
5074
3607
8334
1733
920
5025
9307
6273
3833
8847
8176
2591
9047
4844
4474
3873
1539
9263
6407
1079
5511
7038
6258
2240
4049
3710
550
315
920
934
5546
2272
2725
2421
5339
8164
2248
9170
5286
5590
8677
6400
1734
8513
5618
2215
427
3829
7402
8647
3500
2624
4022
8072
5842
3482
4286
2248
1286
2899
7187
1224
5556
5526
4699
8927
5579
4139
4533
8529
571
8484
2611
6379
254
3589
7421
4855
1429
3156
7106
527
3030
4396
5164
4767
714
5621
8608
2546
2097
2432
223
7944
9441
4275
9018
2751
1741
2134
7886
3612
7339
348
2486
5651
3043
6966
2647
9438
4164
1655
1178
6025
3822
7840
7567
6189
3340
6809
5003
4148
4721
5758
7992
6561
4775
682
3901
7770
4785
6357
1384
8705
6732
6866
2118
2961
1976
2622
9383
3499
2659
1070
4049
9338
8245
723
762
6899
6086
4590
8627
8353
5007
5009
2316
4106
2004
7876
1811
8903
2086
8451
7157
6882
6567
5241
4187
8928
6918
3803
2669
975
2347
5802
9192
2204
4247
4426
7192
6507
7069
6189
3694
2347
1243
2809
6348
6937
2163
9013
638
3834
2548
6185
9410
9192
194
1133
707
7085
2487
1617
1975
3207
7834
785
6680
7494
6999
7257
2149
8343
5150
121
1501
8735
1222
3408
2271
5535
5485
6931
9391
8560
84
847
4923
1320
7393
5085
8660
5740
3371
2272
3873
836
1704
5732
2373
6770
79
2995
6869
3894
2799
8426
6431
8423
2695
3651
9168
3159
7099
2624
5838
140
95
7759
7354
4968
2305
6415
6488
6446
307
7506
610
5495
1516
8202
8548
3529
3524
6353
1897
873
5112
2624
1132
3632
2732
5330
9030
2434
7999
1158
5952
5106
8267
7795
1194
6715
3507
2367
5099
7795
7510
654
6175
6264
7791
3863
6456
8113
9229
7944
4352
3603
5887
136
3885
1943
2938
5414
6204
1521
3284
1893
2455
2794
2522
4647
7346
6424
7804
1526
8781
6482
9077
2102
2311
7934
8477
5308
3088
1867
9133
4602
2053
8899
6020
2375
2820
7582
5343
4491
2503
8475
7952
9140
8475
4621
7273
2670
3156
8975
7888
6831
1669
8969
2166
5571
3814
3111
8366
9357
1251
4574
8381
1745
8484
1943
8257
2379
3535
1031
1585
6362
4703
9148
3494
7493
7836
9047
7743
2200
6968
645
508
2525
9404
3746
1601
457
4754
4495
5878
4133
6992
3222
5364
3428
5903
2614
7665
6192
7392
8746
5290
4635
8779
3180
7503
3521
2038
8573
5166
6613
3076
2308
7719
221
3052
6414
1477
5538
2659
8491
9457
8903
8610
4915
2142
6711
2432
8361
2614
5690
8303
1014
4741
5571
358
4550
1821
5521
4114
7011
3681
5161
2022
1352
2666
5796
7056
4549
5422
8295
2206
8897
5615
6334
2087
7649
4231
1583
3673
6530
8757
7947
5266
7222
3471
7561
383
8583
7387
7709
3046
4219
7807
4655
1222
7199
7753
6809
8039
515
9186
2010
6018
7133
5563
8342
2354
7919
4689
8811
9206
334
5910
8627
9217
6294
8903
2496
5388
4946
4556
488
7259
884
7297
3757
7322
5988
45
2898
5812
6139
6233
6405
8841
1440
3907
1964
3351
4348
2764
972
1486
5215
3020
3306
1888
7454
5075
8118
9140
5280
4688
8548
5796
6717
1124
5752
6666
2021
370
2809
5075
520
7289
9188
9273
5375
8072
960
8805
6650
5055
2344
7904
7873
2193
2996
6261
4351
6795
340
7640
1276
9108
4957
5161
3278
8740
2319
6567
2647
389
2695
792
9395
557
1432
3900
4095
7813
1098
1510
8041
8536
6247
7516
2570
3009
1637
7947
7288
1157
1001
2269
933
6564
9134
1008
4899
8506
2293
9069
7661
879
3120
2455
8505
8184
8490
8150
4868
368
1834
4782
8781
7187
720
6931
8229
654
4709
6831
2820
4713
4650
9443
9374
2876
7768
3345
1137
5893
8953
3700
5341
6489
8439
3746
8693
7461
4207
3688
3974
578
8463
4247
8225
2672
6630
6357
4069
3867
5832
3660
4538
1244
2379
1639
8161
8554
8442
7762
1653
560
7065
5900
5569
9391
5414
716
7603
6968
869
2542
4098
305
8134
1067
1177
3523
7333
7080
5054
8753
453
4561
8641
7069
8283
169
6479
8900
9045
6461
1539
1023
6953
5690
6018
3430
5188
8125
1823
8291
8233
9182
269
4050
8172
3020
8942
1188
8635
1507
973
8890
7476
9146
7192
4802
6971
2996
6900
6216
4596
7511
1416
7741
4655
341
6840
1273
5001
4282
6548
9131
5159
5214
7661
3960
1188
5540
8616
1850
7018
9200
8948
8545
5084
1756
4407
3571
8778
8377
3814
1600
1934
9262
1206
918
821
870
4275
6674
6636
8224
2843
996
6218
278
2758
8187
8093
1903
7783
2193
2896
8602
2596
7743
3822
6420
3373
2615
47
5763
8734
1384
7928
4891
3134
7988
4888
2434
8487
5391
8696
3788
8693
6143
5037
4748
4522
6452
3912
4169
1795
137
7904
8324
425
5568
9433
7206
5903
7222
2499
5116
1772
2842
166
4144
1203
6702
4939
7950
5910
836
2435
8809
1070
9133
8639
8760
1357
5719
7793
5710
2421
1213
5361
1647
6057
2762
5811
1588
6087
4607
5837
5343
6143
5972
3611
670
4200
395
1492
3896
1848
6206
6829
3296
6239
6051
5740
8745
4735
8680
6136
6328
8284
7469
1327
1118
6988
4082
6521
3803
2792
3706
4921
5742
2265
1316
3923
1170
333
6264
6933
9161
154
4226
2475
7923
2985
7179
936
3101
3952
1353
8850
3616
7594
7511
5136
3717
4532
6170
1308
3833
3749
8925
5891
785
5836
646
6113
6617
221
6631
7976
7741
8670
6278
8653
2800
8975
1539
1939
4855
3076
2587
3500
3915
2824
4719
3117
1578
9370
2960
3080
8267
2590
2893
2081
5248
1156
8340
3425
1976
8742
1694
6956
5377
30
1852
8578
6558
5727
9035
1725
5636
4623
1091
8434
4915
3449
561
2448
3782
6933
6993
3949
206
2886
3567
6528
1544
3820
4519
2572
4142
9349
1885
9024
879
6025
1724
6908
1603
221
6264
1192
6552
5952
2572
2483
7651
1343
5509
2869
6585
9015
2265
8903
7478
6737
6813
1336
6825
1660
4285
2229
1060
793
6093
1156
9099
3021
5446
3177
3521
185
750
809
8314
8900
7627
7661
7567
5812
147
3619
3244
8332
7514
7906
2547
313
8331
853
2560
3913
1112
6192
3611
7741
3401
4891
6462
2328
395
5762
1135
870
382
4195
8076
6970
7555
3395
5318
1813
2110
1256
1577
6163
210
7587
9394
3924
6916
5446
5388
7982
8938
6715
4414
3046
6727
1946
488
313
5077
6183
920
2635
1692
2818
4034
9101
8726
9136
8189
428
8151
8366
1915
8876
4483
234
7719
9453
7888
2747
6937
3462
7220
4208
4600
409
5083
6974
4779
4611
2843
7737
812
6858
4703
7490
2961
9374
8822
2211
2758
6611
1329
6108
6489
6900
2975
6822
7079
1642
4668
6547
4651
1820
6735
3626
5604
8598
4460
7516
268
4122
5939
3117
611
5730
396
5859
615
7445
170
8562
1096
1001
4459
1893
8086
3641
7098
6730
4735
61
8442
1279
6930
5066
4635
367
308
8330
1694
9285
4782
5460
9229
4176
7808
8268
5291
5335
2759
3926
5533
993
6404
9116
1023
348
8392
9186
5259
4483
5976
4981
4741
7105
8527
6102
4699
8161
5486
7904
9124
2557
2223
3428
8233
5589
3976
7222
4628
7116
3271
4486
5917
3781
6596
3049
1816
6304
4170
5188
3789
3782
7514
3778
8574
1382
4812
1484
1433
700
6456
6684
3571
8697
499
7714
7117
7611
4735
9455
7300
3896
1017
8903
5077
2910
4485
842
8909
1156
2247
2684
4314
1065
9026
591
9131
708
131
4673
4574
2665
8387
1483
3934
141
4846
6682
1050
597
7703
6881
938
7126
7468
6780
7611
2342
8343
1894
6071
2869
1846
729
6500
9186
4844
1647
311
2622
4577
3610
9391
6985
3495
3365
380
8426
8820
3690
7896
4054
2470
1663
6488
410
1170
7414
1442
92
2373
9457
977
6175
3111
430
4038
5694
307
3443
2175
1577
7663
5688
37
140
5732
7222
5681
5711
6417
4329
8704
3782
8569
5174
7241
320
6678
1943
1170
1222
1195
4256
8800
2160
2548
5297
738
3443
3832
8501
8142
4033
3808
6727
754
9448
3624
7762
210
1432
6496
4754
8656
6909
3724
9131
324
8702
6334
5921
7402
4239
864
6400
9294
8990
5150
8111
2506
6188
6308
1038
5858
4541
459
6175
654
9306
7388
5913
8163
1741
6513
3741
6919
1564
2624
3254
6090
715
7107
1496
8678
2455
5859
8006
1338
3700
6968
6740
7572
4524
1299
1605
44
6775
1362
2349
8958
4427
478
385
3960
4546
2217
5275
2316
1655
898
6888
8032
1698
2787
245
2692
3450
3579
3916
5253
3049
7770
4494
3500
6567
6180
1878
3549
8903
5117
9035
895
7137
3626
3236
3244
4278
9425
7782
3655
8525
8050
4655
8602
6919
7806
1563
3611
2956
1939
7762
7863
956
8777
4059
8712
2910
1031
1432
7007
4140
2276
5641
802
712
6056
4576
7995
2390
5360
7136
3523
3538
4608
7288
4103
2106
6122
8562
7934
7447
4911
5097
1259
9256
3148
6521
1609
6525
769
1667
5291
4849
3244
5417
5521
2973
430
3428
3737
9215
838
139
3547
697
464
2775
2537
5170
5696
7495
5291
5150
195
5730
4812
9028
8532
1277
3080
5022
3230
7402
8377
3244
8039
2672
2425
2041
5858
5449
6319
8602
5425
1974
137
283
7632
6525
2115
4486
7396
2725
7950
2760
1803
2021
4051
7947
2967
4715
6685
6793
8424
5192
5538
1188
5418
3818
2720
1653
8705
9168
3709
8225
2142
5074
3320
9024
8683
2506
4484
4346
3749
7261
7236
4779
7297
3770
3750
9056
8160
6940
5215
352
3045
2188
819
2662
6197
8925
2680
3359
4311
5012
6971
8864
8156
8569
1977
483
274
6316
5192
1383
1274
1872
7637
9443
2076
7905
4111
3032
2271
2841
6377
5702
8507
9404
5830
7388
4007
2521
6360
3496
9455
1692
3115
2335
9302
5656
7707
9316
6360
3733
410
8981
1356
4429
3373
2899
7678
2509
8701
1615
7388
5927
6807
2033
5330
224
8318
2134
4495
678
7277
3820
5877
1192
5223
8647
3664
3180
9178
6319
7681
6104
324
7023
6962
82
4477
6569
3160
2995
6529
4890
2249
7088
7627
9369
2014
4379
2019
9254
3697
5137
5826
6831
4134
942
6718
8897
3267
5492
2782
1079
8572
141
3280
2547
4963
7339
6077
8073
6541
207
8945
5887
9340
8257
1276
4477
5716
6859
3271
4771
8437
1792
6931
4311
2349
1765
9063
6517
7417
4048
5858
4446
7454
3782
583
4256
6969
555
4520
4551
2713
7456
166
3717
8609
7113
2300
7033
4769
266
8044
7222
1045
3234
8501
9457
6478
1036
8757
3673
8943
473
3694
1832
1545
3652
744
703
8928
2089
8734
2476
7841
2699
1441
1497
5340
2933
7365
2059
2710
1540
5650
4200
8451
263
2536
5353
7561
7865
2424
8705
5308
1375
5094
1250
6455
6057
3373
6753
9182
5031
3308
1888
7661
6874
5698
4353
8489
1317
8342
2326
6966
224
9016
3987
7770
8021
2003
8538
4350
2933
1771
1383
5823
1666
5637
7582
2068
5571
7224
9061
5594
5090
6357
8971
1392
5851
4065
8471
3852
9256
4794
6966
9457
7193
4980
5538
8392
5769
7741
7506
3920
6709
7470
1943
813
8202
6854
3128
176
3155
1756
1899
1430
1835
4039
4256
1441
7152
7027
9457
2306
3359
1973
7362
8434
7878
2892
7368
1251
8962
8256
7047
4382
3005
9394
2344
5145
6185
8679
4548
1312
5445
221
1437
6766
4099
1426
222
2421
956
7112
3012
1572
5381
5458
4781
7399
6629
7016
644
8933
760
5559
4437
112
7737
5198
2797
6365
1135
9072
1987
2349
1432
6380
1251
5339
3685
6143
5495
8572
964
8981
918
226
2608
6190
8061
5894
9383
685
2024
4261
936
3009
7042
8981
5535
2200
4423
3020
1545
1549
6038
5606
6638
925
5461
6344
4193
3487
4020
8781
6299
1020
7135
5195
2043
6848
6906
1939
6570
2914
6578
7210
920
8897
9457
8173
7793
6567
4058
3355
1549
7370
7388
7402
2411
7152
5192
2408
8312
3010
6753
136
9246
5902
7388
3976
345
2717
2760
2082
5878
9161
4167
988
7883
6197
7927
7389
5139
2082
6685
720
6727
2269
5656
7448
2231
9188
9457
2786
2354
2034
1637
5566
6025
8896
1933
2546
5850
3908
1098
7018
4756
6575
3443
6626
7918
4222
7174
629
4926
6999
1014
3169
9446
1882
4093
207
7988
7200
8366
1936
5505
7291
7902
5849
9062
9446
8061
7354
1224
8627
2751
5608
8527
4045
6300
340
472
7712
44
5802
6135
313
442
8335
214
2772
3749
2441
5551
6056
6939
5025
6894
2958
8387
2454
8222
2122
1098
6191
8314
1137
8710
7607
9435
734
523
1779
7301
3187
1710
6903
9050
4351
2420
1934
1094
8094
9018
4348
4688
2685
772
9419
1432
6661
7876
4173
8365
695
3558
60
6972
6325
9131
2951
1000
3202
4922
4170
1516
2654
1000
7737
4584
3293
571
6347
361
1759
8717
4553
8578
5806
9457
8635
3674
9431
9254
6931
3514
69
4268
3416
8903
4142
309
6015
6604
3180
475
4460
1011
3140
6062
7345
7051
2320
7897
240
4247
3517
1079
8742
9011
8660
622
3388
778
6513
327
2202
7241
6289
5818
6785
1848
5491
2329
3070
1378
194
5639
8956
514
8527
4367
2394
2249
9369
3833
3140
3069
6658
8667
4760
8881
7935
4170
5436
501
7876
5758
6611
2696
8028
6271
7769
2004
6717
3303
8158
4248
5537
2964
4353
6965
5120
8504
8587
1134
6797
7647
7529
2974
6356
766
2394
681
125
2433
8681
6406
1284
2475
939
1217
5270
7707
7273
723
3631
9267
7462
5593
6017
6313
3386
3757
3216
7483
4848
1096
9425
5254
4957
1548
1525
5417
678
9234
1493
7426
8294
3116
770
3784
2592
8184
6448
5746
5444
7664
5380
2863
8494
5158
6061
2915
6177
3039
8705
4411
4634
1897
2816
8223
3939
7104
4214
9236
4912
5594
8610
3151
59
6392
1939
1493
1892
2349
2536
4256
3505
2546
3153
7587
1003
3849
5161
8445
7491
1577
5898
6129
4248
4446
5191
1974
2304
6105
8851
8631
3249
8376
9209
8236
2960
5507
6269
7988
3820
8176
1818
3618
2078
4048
9457
6749
6105
586
8287
3237
3556
116
1974
8032
1096
845
7923
416
3986
6318
457
2591
1325
1111
5930
1578
4232
8850
4748
9457
3863
3344
8391
1861
8022
3867
1229
6599
7279
212
4826
7846
7081
1974
5764
2865
1962
1307
465
7113
2271
4088
7100
7320
4200
7990
5263
274
7011
109
197
7751
7990
3281
3180
2783
1577
3252
3795
4101
2899
4723
2820
4688
3385
6294
3202
520
4348
7956
4782
9060
6499
192
672
6062
7266
7873
6740
4983
6999
1698
2776
8587
6770
3112
4286
399
3042
8903
1329
8781
386
504
5262
7367
821
883
999
7897
2343
4509
5906
858
27
3234
8436
4369
4247
7718
657
2951
7248
652
3245
7783
75
2814
7016
5604
6554
5096
5672
1276
3546
3624
517
2949
5718
7700
8249
1759
2333
848
2087
1992
1820
7810
2540
6775
9123
2736
4731
3453
7548
447
3408
8242
3383
5719
9182
2667
1747
5941
1421
9178
6626
2200
7100
5656
8261
1304
2628
8330
9436
4969
510
7581
8113
5780
3690
7552
8636
7714
7919
5891
7301
5602
3549
3813
1285
7213
987
3607
566
9325
3730
2779
5041
6866
303
9394
4150
3511
176
5207
656
797
5891
7726
5401
8701
1939
2216
9322
3401
3235
2310
4028
2320
6616
3803
8057
2928
3289
9235
1895
7723
3425
7889
3573
9399
7919
2628
60
6304
9182
936
55
2445
3908
3454
2712
4850
8121
4822
333
6146
5084
5709
4196
8825
42
836
7984
3634
844
5266
8548
6201
641
7287
5688
9391
1316
8746
3177
8032
8567
7876
7211
6344
9368
62
3180
3124
4417
48
995
29
3616
274
8897
5678
8654
6888
6775
1885
5526
2512
6560
6442
2001
8874
824
8513
2590
7174
3841
1835
4972
4383
3399
810
2776
8356
4911
4823
8384
8670
1895
3020
7219
5672
4578
6366
3677
3078
3562
3548
408
5537
7706
8719
2772
4255
6277
4686
1586
5199
1936
385
5556
2319
703
1469
4629
3309
7369
1577
4406
6741
3815
8349
3185
5990
3900
5902
3155
1388
4125
2386
8016
3706
8533
1477
4923
2778
3598
9446
7971
5560
482
4040
2928
1229
6564
4600
3946
8782
7667
4026
9295
1377
5374
2492
838
199
373
1578
5975
116
666
8982
1741
792
1402
6068
3186
925
2589
2444
6773
1178
5161
4153
3069
7843
7825
510
6218
8228
2333
7265
1188
9101
2714
7309
9443
6903
8664
9140
2229
7841
4348
1584
5104
3402
6310
6153
9357
152
8314
7796
5598
420
8773
6753
7839
7469
3115
7031
5075
5253
2367
7335
4823
8124
6666
8166
4311
7909
1060
1970
6594
3268
528
8703
5297
5394
6931
2122
4348
5606
7931
2753
5353
403
936
5215
3030
5085
808
8990
8652
6038
5858
9306
3293
3030
9190
8593
9013
4427
8381
1130
5952
6291
6066
1394
8851
2071
5566
8165
3155
6025
1991
2774
8439
925
635
2766
4680
3150
3330
8457
2097
6461
7841
8522
8072
7285
4901
3150
3570
9324
2374
7350
4095
3342
2118
7422
5958
7163
5848
1978
1251
2794
7338
3814
8029
2925
504
9145
3724
1967
4848
126
3198
1872
595
7206
7726
2122
5875
1415
1163
2846
4199
5172
1203
2563
8239
1322
3384
2472
7703
6860
87
4533
5628
6341
7160
1441
8815
3652
8345
5436
8228
3303
6930
4618
7629
7660
4991
9015
1718
8289
7995
2259
5799
1304
8850
1577
2996
1358
3814
5084
1164
4879
8975
5922
7536
5501
8026
9066
3359
435
7229
5821
160
7140
6244
4141
7608
9101
5750
3814
7955
3412
5397
5403
1952
645
7889
4934
504
1791
4836
4395
4037
8057
3925
5186
885
8085
4649
6408
5223
6422
4916
1514
7844
8155
8117
9266
560
1432
49
6412
7535
6626
5851
6179
627
5034
8491
6627
5460
7249
2318
386
2666
716
9431
3046
555
387
8314
2326
2269
2710
1944
6654
7990
641
7895
872
2670
7341
8117
7018
7069
210
6972
2001
7111
1354
7478
4472
4064
1713
5364
5879
483
299
7995
4703
9026
1955
6588
3206
8411
3268
7630
8790
1999
1452
6223
4186
5449
7042
8889
4968
599
1090
8308
305
5690
1331
6557
1861
6970
4427
396
776
3933
6895
2561
4713
6312
6841
766
3474
4421
7322
2791
6109
2182
6247
8236
6356
4010
5198
7220
8061
2922
6734
5686
8078
8578
845
6397
9127
356
1037
3200
9413
5830
934
7715
2961
2215
2179
5041
1630
9295
5297
9017
4544
8568
3487
7776
29
4508
6255
3998
8458
7034
3145
130
2093
6400
7859
233
7063
7834
6999
1239
6129
3318
4437
2906
9321
8807
7703
7963
9207
7548
6461
2228
1383
4932
6108
1809
8387
1484
5488
4014
2151
62
7640
4137
1643
2524
1934
7354
912
4286
3650
3576
4651
7087
4351
2160
29
5102
7106
8529
7245
358
560
960
1477
3685
3320
2850
8458
4809
2170
1484
5356
9086
7574
2408
6397
4339
415
8162
4771
7052
8422
7085
2223
643
6842
7861
1109
3818
4600
7648
2249
1647
5685
4980
5485
5026
8527
6269
5800
7081
2344
7296
6357
4740
1331
4250
3511
253
652
4491
3955
6424
1478
7101
7676
4728
6234
4007
2827
612
6353
8076
6809
9017
4526
7536
8670
7022
8317
7388
2114
6613
6564
1031
2248
8076
5985
5903
4240
5731
8345
5084
4218
1807
7804
3395
4787
2032
6056
1037
2151
2631
9187
6269
5638
6759
678
3012
1286
556
2881
3737
1067
4463
5891
3905
7293
8665
7840
5453
4427
183
7073
9328
7008
8205
5604
5545
1805
6899
7732
3749
8386
4511
9077
1357
8023
1137
4609
4733
3337
3938
7996
2365
3597
3578
5006
941
2421
5303
1741
78
8070
5417
2747
2208
1318
1004
6373
9166
4357
5083
6185
4979
5281
810
1877
7795
194
9431
6488
1235
6855
5538
2905
9155
6719
8448
5273
8913
964
2367
5792
8753
1331
7928
5083
5659
516
9081
778
6073
1388
176
5767
380
5297
4463
3975
4497
8610
1131
6146
2519
870
8162
30
8487
8686
8913
6906
1963
8223
6703
6999
3186
7719
2033
1748
2052
4398
6424
4578
2411
3543
3651
9300
6547
9398
4229
2776
4678
5212
176
4473
5829
3781
9421
6915
8856
2850
1221
8113
2589
3737
4383
1848
8648
2265
2754
7370
9001
430
758
4606
9328
5186
3660
2010
6448
5717
1510
3366
102
3867
3416
6513
1818
6707
2959
5469
5446
3681
8184
9209
4903
3075
8697
2403
4006
2965
2568
4176
6113
7567
2563
6784
6009
8010
8036
6186
3295
3822
7245
7450
6266
2306
6866
5300
7411
967
2000
6564
4357
5878
5546
7702
4690
7369
2989
4972
8272
8705
1079
7252
1250
3737
8811
2300
1963
7230
1079
2693
8103
7670
3052
4148
785
2593
1543
3001
3202
69
6727
764
5021
5812
1430
5116
2554
1156
3418
7796
5530
7806
4304
7962
1003
2229
4703
8272
2354
1137
4880
5303
431
3281
5476
5433
7437
4106
4658
8896
5008
2869
4524
5434
5667
148
2308
7751
5297
5869
3175
4523
2619
7876
2761
8022
5188
2011
1337
6233
6373
6045
2914
388
1335
6399
3604
1233
3207
8330
7216
9050
2089
4200
2034
7460
7484
6958
3676
3458
7297
6958
7335
6105
9312
4155
2497
2011
140
4250
152
7011
1139
7182
8984
1515
1789
9285
7170
3700
1313
3398
8897
8760
836
2665
6161
2766
9294
7444
5233
5990
7129
6585
1813
8762
7414
5141
9185
8016
4175
4761
5901
2060
4987
6911
7865
4546
8724
5366
3445
5835
7080
311
1734
4955
535
7357
7076
738
263
2751
638
7222
7526
1868
5131
4578
7603
7450
5348
1511
1220
2716
4311
8999
5395
7700
2952
6773
1351
4833
8021
2629
8871
6072
224
1811
2465
3267
4474
3251
2204
5701
7078
2333
5036
7179
7492
221
7434
4541
7796
3780
6829
7999
3450
7077
8282
3500
9457
4892
5982
744
6299
540
8111
1147
8085
675
5556
55
8737
6731
6205
4183
8610
6661
8754
2043
9228
967
6011
5031
3969
9186
3451
2881
4348
6895
6850
4681
3654
5285
9137
2351
602
4891
3521
7236
2985
4706
3474
5684
1471
9267
1657
3034
436
3980
714
137
7705
6526
4655
4836
9243
9262
3521
6196
7147
6300
2240
987
2813
6865
1888
2589
51
4846
6582
370
3863
8850
8821
1109
7217
6811
5693
2853
6269
4756
4708
6517
2421
2160
8335
8175
4517
7921
7419
62
4706
6410
5786
5074
7444
3657
2684
4196
1788
2093
2033
1411
4420
402
936
4602
8306
8129
1794
1749
7211
7270
3611
864
8451
4019
3117
2614
8417
5161
5312
2710
3918
4087
2516
5740
306
2124
1888
7782
2298
8016
2018
4954
6958
2902
8085
6970
2089
3505
8951
6398
6302
6832
6036
3551
3338
5965
7082
5816
6624
1526
6709
9025
7952
2725
3054
8817
1068
5029
9222
4779
7290
3876
2067
6158
5683
3012
3786
5958
1656
1699
5056
5408
4369
3781
5055
2097
3353
172
7047
7413
4059
2782
7211
9077
627
5981
5115
3548
8216
1483
7423
9188
1310
313
4353
3926
6300
7603
8850
389
974
3789
4256
99
143
6236
9182
3987
8125
5834
1830
5074
7245
7663
29
743
3244
3762
3628
6771
6098
5150
3474
2042
2206
7116
5559
3283
53
7709
6166
4997
4650
5699
9229
8061
3841
1335
4311
2460
7321
775
3426
8482
7454
7038
1084
6465
4703
4868
1006
2479
2254
8568
3870
2524
6666
5873
4562
1417
8247
3112
7210
7000
237
2503
419
8672
9340
4170
1539
9290
1861
6495
135
7469
8235
9072
47
6171
5470
770
5533
5742
4004
3450
4464
2936
5708
4233
7286
1456
9175
533
7057
3950
5006
8752
2570
7933
5653
2347
8385
6860
2368
4712
8444
461
8385
8747
5591
3414
4095
9073
1449
3013
645
1815
3517
6655
8299
5981
3292
5305
5615
438
4736
1412
6742
8795
6368
4245
3616
3338
6472
298
6341
2039
4968
3737
5521
1088
1841
395
346
6903
7548
270
8256
4659
558
473
813
7838
2758
7374
5394
3185
3582
9115
7052
7534
8330
7975
8442
8055
8529
6560
3381
4275
2569
6825
76
3847
1705
6630
3250
5792
9077
260
4454
2108
8590
8305
3311
5987
4066
3002
4271
2085
8754
3762
8894
6093
8715
9352
1583
8953
6300
6544
2764
3511
3919
6083
8102
766
4999
5408
9229
8467
9353
4648
7392
6464
6525
4271
7732
4821
1807
8757
8180
6045
4243
5955
6479
4578
1432
5105
8620
7211
6866
8666
8561
2269
4604
3475
5351
7719
1358
3358
5105
7064
178
3894
833
6053
2215
4969
1225
8598
7574
4083
4475
5302
261
5928
4446
143
6906
933
6655
3207
5719
9201
6392
4584
7230
2522
1644
1471
3401
3165
8700
2459
8859
325
6025
1006
1717
1193
8548
2333
9034
4311
207
961
6821
573
2724
6937
9024
1982
578
7611
5781
8255
8975
5270
537
3316
1785
2975
7421
1684
7543
4265
5286
1595
6508
938
9419
5667
7114
6654
2652
5473
4759
2172
2797
1327
877
2374
462
6102
758
6197
551
9066
3439
1666
5287
5009
1726
1141
6448
2568
4165
3303
9256
7304
3462
1975
1236
9015
7950
4460
4891
4417
6645
8497
8455
23
8413
7753
3946
4592
2809
1846
3184
2725
1507
5091
2752
9157
5859
8800
6113
195
2274
5262
5606
769
5330
3708
5476
8484
8442
2512
7421
194
5852
4421
6197
941
7873
2589
435
5857
942
7693
2410
4889
7975
6384
8807
7813
5618
7582
4858
9276
5470
1684
3280
3221
7698
2937
8387
3012
4576
3084
4101
750
6899
1176
936
8223
3063
5391
5394
1114
8849
5083
3234
2064
2337
6157
5754
2591
3626
2832
2951
1465
4922
7071
4192
8782
7622
4248
8626
6257
5672
5723
2320
4732
1236
7795
1713
8117
4071
5809
2497
472
8306
600
5796
8330
7037
3253
6368
8683
8227
9025
7107
2373
9366
5305
8516
4404
685
4926
7158
1072
6252
7582
4964
5198
6046
1503
80
4655
2545
695
3379
1539
8175
1414
7002
7354
1934
268
2536
9138
3874
7561
2891
208
4426
3489
724
7174
8527
1931
5506
8740
8015
967
391
1441
4241
4467
6341
5751
940
1861
2412
7576
7516
2492
841
960
5556
2608
1045
7409
7560
1583
3658
3860
678
5105
613
8834
1641
5145
5487
6326
1083
2336
2386
2142
7158
3668
8507
6775
1974
6185
6529
9334
1131
5806
2404
6931
5370
1876
2499
3685
7140
1535
6235
5556
4299
7496
8125
6471
2506
8225
2749
2223
6534
1132
5256
5262
6036
6020
3303
2625
6818
4351
629
6816
5123
2338
4034
8655
7252
5594
9015
8903
9086
1698
488
4192
8807
2935
7005
7827
2086
3638
4732
3401
9319
495
4311
898
1672
4578
4756
5507
9145
7592
3308
2592
7088
761
5498
2344
7919
8356
8415
2772
403
6556
414
8656
9446
1394
861
6616
7536
8231
3686
8102
8492
5954
4510
3111
9190
556
4502
4103
6400
6742
5592
6899
4760
1940
5773
3134
4605
3582
9306
6697
3214
3814
4059
3219
8578
9389
4794
1228
1939
7750
1432
5713
7008
2252
176
5656
5909
8162
130
48
8121
578
189
6071
3146
3300
9303
319
5248
7377
8479
8296
5919
1765
5355
390
4061
4491
5409
5091
1396
270
8821
79
5461
2253
169
3732
512
6764
6229
5264
7894
2354
3980
2195
2131
8610
4271
5473
3748
5659
3680
3802
8611
7884
1751
1709
8313
4740
1692
7510
7661
5384
7294
2266
5559
9152
4806
2438
6974
6298
5545
2420
6668
3332
5134
9137
1391
4472
2886
5526
1546
3430
7155
9025
1598
5190
35
176
7791
594
7163
4226
2577
6322
7192
2678
2783
5852
2995
887
9433
5259
6084
3343
2614
5349
7145
7859
579
4869
934
8186
6879
9140
524
6895
8673
2373
2148
2408
6091
3896
8587
7694
8495
6009
7949
3396
1251
8628
140
6694
7430
802
7458
3469
2300
5012
35
8032
3803
5981
6655
5074
7572
6497
3741
7796
4311
5981
5913
8578
4735
2097
8479
5981
4230
9332
2357
4037
8966
3120
2663
1263
3571
9311
5799
2376
3045
2766
5253
7695
4983
6243
3697
3467
1913
9357
4310
7516
7958
8358
5449
8762
4348
2843
7291
4429
6597
7986
3859
6640
1296
2269
8427
7519
8943
5026
2845
8973
4427
6387
3685
7897
7402
5806
6124
8825
4530
6366
430
8356
3607
3690
3020
769
8157
3871
554
2833
5972
3987
4133
1782
8366
3635
5584
3110
1946
1441
6064
8245
8862
1394
3914
6452
1264
9312
4124
1642
1616
5903
3377
7581
1756
6894
2670
555
683
6427
6649
361
8702
5698
8583
941
7999
8846
3959
6866
7100
6324
9366
3638
4180
5823
9447
8608
9431
6937
5337
2087
2076
8746
9116
387
6963
4068
6010
1879
7426
2772
6718
257
6437
4463
4432
5994
512
5134
4404
9229
2011
1312
4044
410
3544
8302
3426
9361
340
8044
8173
1756
9246
4784
963
2869
1762
3303
5726
3955
6243
3194
6970
5199
1274
6525
3391
848
4728
6982
3165
5497
8781
1784
701
4655
2683
3428
8533
3453
2108
8405
3158
5656
1772
4257
6424
9419
224
2236
918
7841
5003
611
2125
8228
3205
2568
8944
3741
723
3234
1118
8576
9089
6828
6791
8844
631
3538
5150
69
3497
8011
2952
4533
8121
5848
4456
3741
7726
9233
1436
7251
1698
8598
8587
7312
2412
3170
8811
8451
2952
3728
8107
8778
8225
8647
1358
8638
1133
5887
4344
761
5519
7057
3789
626
1472
7366
3002
2818
6405
1760
6018
9404
1001
1666
3303
8954
3687
4393
5266
2372
6821
7213
5166
793
8704
478
4972
115
3700
2156
7548
484
9015
711
8203
9050
2340
5074
5887
5923
724
2806
1007
2928
7273
3911
9374
8183
4464
4114
5921
3330
6149
9276
5192
8435
1316
5466
1506
7878
7140
8539
960
1431
8029
5075
3356
5818
6638
8451
8113
9227
1687
1203
4312
4194
816
2293
2110
2008
4787
5806
5737
3013
2538
4916
9097
4728
8201
3904
7074
5490
7764
8743
1879
2153
7683
673
5849
5795
4531
3401
5406
6759
5159
4977
8725
3640
4888
5205
6011
9319
6737
386
570
2431
2951
4196
8475
4250
4635
3901
7861
3206
2552
4171
1380
1833
7148
6313
7344
5636
1623
2960
2833
2422
3500
2752
8331
4108
6876
654
2993
8973
7444
2140
4585
3619
5366
8022
7707
3100
5742
333
9088
6433
781
1292
2439
8678
2598
9233
2961
3546
303
1955
9233
995
9421
6478
9118
1032
7603
5470
2553
1251
5463
2445
1549
7475
9182
8039
839
4463
2112
2136
3117
6769
2584
7196
361
5678
5429
166
5225
7311
4503
1079
9430
2406
1188
5556
1040
6171
6400
1724
5535
5357
4728
6380
43
6905
7684
7905
1971
1394
1313
5594
7457
486
1684
3529
6360
7357
2689
4826
7414
6627
6653
9312
136
9148
8163
1679
258
7419
2251
60
672
9315
7843
9133
897
5563
505
1514
862
152
7259
4028
3388
6021
9095
4299
4784
3458
6838
2976
1769
5693
2164
3152
6497
2958
3537
5134
8187
4826
5131
5134
4389
8235
8639
2414
9054
5083
3133
9087
8432
457
4075
2735
3185
5363
9053
4728
8616
3570
2056
1473
1728
7011
5386
1605
2967
6306
936
920
5029
3744
1088
2960
1213
4905
461
4283
8323
1671
6103
7640
7430
556
2667
6007
2281
9157
673
6170
7956
1583
3818
6681
3109
9003
3077
136
9452
5656
6848
3084
7561
6163
3517
8343
8466
810
8400
5496
240
7182
858
5877
1899
6938
3120
7229
7732
6079
6859
6434
7056
7095
2749
2695
5793
5021
3997
2883
2582
2644
6891
7388
4183
545
3192
2816
2476
1030
6528
87
7683
3662
8899
512
8085
8507
8131
3180
6555
7467
389
7928
9099
5855
6020
3159
9457
8326
263
5566
5690
4128
6219
4930
9443
8228
2208
3823
302
8069
4082
2057
7257
3730
8463
7279
641
819
2321
3676
1811
5641
6561
6731
4122
3782
6843
1122
3974
1892
7964
3969
311
2381
7248
2122
9381
1118
7680
9300
1576
5522
895
2424
2011
2568
2070
1031
1970
3522
4823
6306
9101
3529
4139
8981
4682
1354
3296
3450
3117
9050
5268
3995
6561
7687
5343
6827
9228
4785
1975
1177
8085
2272
2961
8657
7186
5830
750
3375
7544
2229
245
9122
8712
2315
4471
2212
956
3981
8813
2811
796
2429
4849
8656
4286
6300
1826
937
7873
4369
8409
981
9010
8343
8314
6495
4163
4251
4044
4743
3174
3436
3306
6969
3998
661
9380
5168
645
298
3612
2231
6821
8561
8980
6678
4587
3920
5161
2104
2133
1970
3192
3517
4329
8336
1432
4445
3180
4782
4766
4357
3046
2662
8134
6832
4999
5535
2356
7417
8747
7437
4353
2753
685
4347
2078
8107
2761
6434
1975
2854
4103
5667
7943
9025
4486
921
4507
1548
5291
8162
897
275
4318
1251
5393
9101
2033
6227
2914
3914
2841
6820
45
4576
6183
3230
7087
430
5681
1150
1282
348
1885
1963
8235
3338
5990
8569
8312
5803
9012
3966
2414
3644
4972
5612
7582
1756
7727
5922
5074
8742
6507
2614
7658
7276
3959
1910
6850
6882
3890
468
2899
6527
8143
3387
4423
7986
6365
4736
6414
2213
1312
6423
1147
4083
8972
7449
9232
7503
2403
5649
2655
4115
4613
7826
5423
3749
9157
4878
5718
5164
418
5955
261
9453
7112
2749
6793
7344
8603
2444
1359
8405
4248
7735
778
1605
7100
7420
3055
9315
2718
7806
2123
5105
5000
4298
4849
1647
4652
7146
3788
4582
8440
3860
4602
8362
6404
4954
9008
7967
1777
554
1415
3177
3749
9229
4791
7385
1307
1583
3234
7561
6269
3750
421
1895
6627
5166
5290
6685
5899
5267
2869
4379
4280
8102
1067
4919
1692
8159
4054
5025
7971
3958
2088
1318
2433
2655
1398
553
165
5433
8187
1539
4748
8905
1954
8060
8134
1112
8376
8938
1939
5150
738
5590
3109
5261
3684
3112
7241
6034
4171
4696
3392
727
1612
2998
8627
5419
7464
4092
1666
183
5031
7849
604
7880
5241
5515
3204
9054
4581
7411
7388
7826
2044
9225
7223
6157
792
937
3662
6577
3320
4446
4866
4106
8283
6329
8343
8366
141
6573
5656
723
6689
1521
641
1756
5262
5981
2476
5578
8815
1465
4815
2456
7500
1478
3864
685
3781
4363
3505
1236
7768
9227
3677
4586
415
2570
6782
1473
4248
3720
3815
9042
3789
6271
875
8483
5115
7956
1565
7582
6770
3282
3288
49
3359
1538
1598
6785
760
923
3509
4621
3541
3142
5771
2215
7506
3662
8117
1656
3083
1006
6838
3281
1510
7671
4464
1139
4038
476
4286
4341
4512
8835
7209
1692
7027
8807
6734
1157
1895
4749
4368
3357
115
8121
9140
257
6443
758
4213
723
1251
1813
6514
7751
5949
5823
3786
9131
7341
8857
8072
2906
7857
6117
6113
4348
8978
1426
5369
1514
7341
3573
7753
6170
8698
6578
8394
5656
8485
4918
5984
929
2687
8951
2785
1572
3443
7535
3385
8504
7360
9246
9216
7641
8645
3012
3234
255
6452
6599
4209
7352
5765
5896
2337
6556
3385
1203
4634
5369
2657
5933
2807
8442
1087
9183
5928
4129
7187
8906
8324
7278
6328
3907
1914
4548
5951
9215
879
105
7015
7567
161
8672
9233
8272
1079
5585
6109
3202
6970
7782
8781
4926
463
3860
4733
3695
472
1261
1531
308
3009
6381
7719
5287
9125
3551
7944
3795
8951
8321
3450
5021
3419
9391
9394
3126
2556
645
4723
7457
3548
5554
279
6817
3578
4832
6832
7217
8966
5594
3969
3207
8691
3070
5361
3273
1431
4483
532
4037
1859
7189
1224
2120
3417
8105
268
6222
8047
6783
7876
6914
535
5811
2160
4759
1079
1338
6495
2609
8890
5159
4556
8482
6754
6941
8731
2042
1782
7857
8906
8006
3353
6026
7414
7513
4200
7845
4423
5996
6032
2914
4868
370
7582
2718
6659
1844
1515
5819
7192
7629
5718
7093
7815
6157
4223
2310
2615
4295
1981
4790
6725
1031
5566
2083
627
4647
272
3484
5384
2472
3680
8648
3415
8490
6677
4235
5291
9258
7333
3006
810
3234
3986
6404
348
9165
578
1748
921
1514
6653
6677
822
6356
6940
8296
9235
2964
6717
2014
4901
5153
7896
8016
2033
6471
6730
7714
7095
8704
1195
8366
7894
2116
4351
1515
1733
2193
6586
1578
3728
7079
5740
2940
2538
1719
3596
7606
6409
510
8933
6482
5053
7285
6585
9033
3484
2093
7393
1656
3173
4007
4311
794
2890
3896
8578
7080
3388
5350
7623
5479
5923
640
812
4098
6471
3797
6794
7660
7266
8220
6120
1131
8321
696
5393
7947
2562
8575
7845
8308
9218
4868
2993
2424
4426
3558
2066
1666
856
8410
5363
4860
8142
4470
3822
7516
8554
6938
2891
4857
8074
1732
7694
9159
5618
5726
5473
1118
624
5823
4562
8900
696
7667
1073
2677
7732
5484
2179
5495
69
6858
8303
4857
7515
7972
902
162
8021
3934
4361
4653
4501
1321
8754
4674
3907
3673
5928
879
8061
3347
7208
2213
8903
1251
8532
2998
4655
5956
3983
3626
2011
2114
4348
6032
8964
6894
9322
5287
6806
6727
7008
4103
3581
6146
6599
4861
8052
3296
212
3237
8382
1306
4054
6055
2934
6977
1486
1895
1112
797
5591
5645
4456
5150
5688
558
4678
7612
3796
5670
2045
1137
7526
4420
2203
5420
4548
5780
2727
840
6285
5740
878
4014
4555
8716
1432
8864
2319
3976
9079
6769
942
6256
6227
6658
4665
7605
4945
4271
6655
2925
6266
3381
4121
8262
2479
7728
1605
7897
6488
3012
1357
8216
1149
2731
819
6431
3127
1657
3345
1322
4082
6824
7455
2423
6751
5681
9368
9081
6821
6235
9101
4517
4793
5075
1575
3820
6931
2427
2352
2581
4696
4825
8857
7116
4918
1876
5070
2276
3316
628
6885
3897
2142
5179
8940
5429
810
7261
7391
7182
8245
4098
3881
5195
4101
3741
547
8754
860
988
3525
3987
4835
5567
8134
1539
5009
8807
4935
7919
4823
4040
9069
4350
1038
7880
2066
5823
5581
8278
4979
5458
9443
3610
2772
1350
2720
8436
482
1511
3938
8479
5847
5567
4511
9410
1872
6129
2614
5010
5647
5959
6741
5064
5333
9413
8577
210
1922
9188
7998
599
9361
7402
8366
7478
2304
4736
2376
2336
381
5768
6928
8900
6563
658
1899
4456
523
51
3281
6264
5400
2390
6310
7291
463
455
2892
7047
361
4824
4317
8734
1974
5262
9278
1787
6465
5183
5750
2663
5941
5927
714
1783
7206
4919
897
4972
76
4497
2570
4879
9131
2341
1896
4196
2142
3822
8535
7458
6631
1215
4316
2150
2900
3849
7539
7893
3120
4330
1483
5220
6271
1450
7105
9037
313
1609
106
5460
5134
8578
5438
1982
1609
7725
4801
5064
6695
8762
555
1823
8468
1369
6222
9383
2621
3728
3869
6913
4203
970
1903
1244
4786
4991
2662
4833
3820
4968
612
313
